6416
6417
6420
6418
6419
6421
6422
6428
6423
6424
6425
6426
6427
6566
6459
6460
6461
6462
6463
6429
6430
6431
6432
6433
6434
6435
6436
6437
6438
6439
6440
6441
6442
6443
6444
6445
6446
6447
6448
6449
6450
6451
6452
6453
6454
6455
6456
6457
6458
6464
6465
6466
6467
6468
6565
6469
6470
6471
6472
6473
6474
6475
6476
6515
6478
6504
6479
6480
6481
6482
6483
6484
6505
6506
6507
6508
6593
6575
6576
6577
6578
6579
6580
6581
6582
6567
6568
6569
6570
6571
6572
6573
6574
6583
6584
6585
6586
6587
6608
6594
6595
6596
6597
6598
6599
6600
6601
6602
6603
6604
6609
6610
6612
6611
6613
6625
6614
6615
6616
6617
6618
6619
6620
6621
6622
6623
6624
6626
6627
6634
6628
6629
6630
6631
6632
6415
6413
6414
6416
6417
6420
6418
6419
6421
6422
6428
6423
6424
6425
6426
6427
6566
6459
6460
6461
6462
6463
6429
6430
6431
6432
6433
6434
6435
6436
6437
6438
6439
6440
6441
6442
6443
6444
6445
6446
6447
6448
6449
6450
6451
6452
6453
6454
6455
6456
6457
6458
6464
6465
6466
6467
6468
6565
6469
6470
6471
6472
6473
6474
6475
6476
6515
6478
6504
6479
6480
6481
6482
6483
6484
6505
6506
6507
6508
6593
6575
6576
6577
6578
6579
6580
6581
6582
6567
6568
6569
6570
6571
6572
6573
6574
6583
6584
6585
6586
6587
6608
6594
6595
6596
6597
6598
6599
6600
6601
6602
6603
6604
6609
6610
6612
6611
6613
6625
6614
6615
6616
6617
6618
6619
6620
6621
6622
6623
6624
6626
6627
6634
6628
6629
6630
6631
6632
6415
6413
6414
6416
6417
6420
6418
6419
6421
6422
6428
6423
6424
6425
6426
6427
6566
6459
6460
6461
6462
6463
6429
6430
6431
6432
6433
6434
6435
6436
6437
6438
6439
6440
6441
6442
6443
6444
6445
6446
6447
6448
6449
6450
6451
6452
6453
6454
6455
6456
6457
6458
6464
6465
6466
6467
6468
6565
6469
6470
6471
6472
6473
6474
6475
6476
6541
6542
6543
6544
6545
6546
6547
6548
6557
6549
6550
6551
6552
6553
6554
6555
6556
6558
6559
6515
6478
6504
6479
6480
6481
6482
6483
6484
6505
6506
6507
6508
6593
6575
6576
6577
6578
6579
6580
6581
6582
6567
6568
6569
6570
6571
6572
6573
6574
6583
6584
6585
6586
6587
6608
6594
6595
6596
6597
6598
6599
6600
6601
6602
6603
6604
6609
6610
6612
6611
6613
6625
6614
6615
6616
6617
6618
6619
6620
6621
6622
6623
6624
6626
6627
6634
6628
6629
6630
6635
6636
6637
6734
6731
6732
6733
6740
6735
6736
6737
6738
6739
6746
6741
6742
6743
6744
6745
6752
6747
6748
6749
6750
6751
6638
6642
6639
6640
6641
6645
6644
6643
6722
6646
6647
6648
6649
6650
6651
6652
6653
6654
6655
6656
6657
6658
6659
6660
6661
6662
6663
6672
6673
6674
6675
6676
6664
6665
6666
6667
6668
6669
6670
6671
6677
6678
6679
6680
6681
6701
6693
6694
6695
6696
6697
6698
6699
6700
6721
6710
6702
6703
6704
6705
6706
6707
6708
6709
6711
6712
6713
6714
6715
6716
6717
6718
6719
6720
6682
6683
6684
6685
6686
6687
6688
6689
6690
6691
6692
6723
6724
26
27
28
29
30
31
32
33
34
35
36
52
37
38
39
40
41
42
43
44
45
46
47
48
49
50
51
53
64
54
55
56
57
58
59
60
61
62
63
224
65
66
67
68
69
70
71
72
73
74
75
76
77
78
243
233
234
235
236
237
225
226
227
228
229
230
231
232
238
239
240
241
242
244
245
246
247
248
249
250
251
252
253
254
255
256
257
258
259
260
261
262
263
264
265
266
267
268
269
270
271
272
273
274
275
311
284
285
286
287
288
276
277
278
279
280
281
282
283
289
290
291
292
293
310
2724
2633
2634
2635
2636
2637
2638
2639
2640
2641
2642
2643
2644
2645
2646
2660
2647
2648
2649
2650
2651
2652
2653
2654
2655
2656
2657
2658
2659
2694
2661
2662
2663
2664
2665
2666
2667
2668
2669
2670
2671
2672
2673
2674
2675
2676
2677
2678
2679
2680
2681
2682
2683
2684
2685
2686
2687
2688
2689
2690
2691
2692
2693
2701
2695
2696
2697
2698
2699
2700
2708
2702
2703
2704
2705
2706
2707
2722
2709
2710
2711
2712
2713
2714
2715
5654
5555
5556
5557
5558
5559
5560
5573
5561
5562
5563
5564
5565
5566
5567
5568
5569
5570
5571
5572
5593
5580
5581
5582
5574
5575
5576
5577
5578
5579
5583
5584
5585
5586
5587
5588
5589
5590
5591
5592
6403
6397
6398
6399
6400
6401
6402
5600
5594
5595
5596
5597
5598
5599
5622
5609
5610
5611
5603
5604
5605
5606
5607
5608
5612
5613
5614
5615
5616
5617
5618
5619
5620
5621
5601
5602
5639
5623
5624
5625
5626
5627
5628
5629
5630
5631
5632
5633
5634
5635
5636
5637
5638
5652
5640
5641
5642
5643
5644
5645
5646
5647
5648
5649
5650
5651
5653
2721
2716
2717
2718
2719
2720
5171
5168
5169
5170
5178
5172
5173
5174
5175
5176
5177
5197
5179
5180
5181
5182
5183
5184
5185
5186
5187
5188
5189
5190
5191
5192
5193
5194
5195
5196
5227
5206
5207
5208
5209
5210
5198
5199
5200
5201
5202
5203
5204
5205
5211
5212
5213
5214
5215
5216
5217
5218
5219
5220
5221
5222
5223
5224
5225
5226
5234
5228
5229
5230
5231
5232
5233
5248
5235
5236
5237
5238
5239
5240
5241
5242
5243
5244
5245
5246
5247
5249
5272
5273
5274
5275
5276
5277
5278
5363
5357
5358
5359
5360
5361
5362
5376
5364
5365
5366
5367
5368
5369
5370
5371
5372
5373
5374
5375
5391
5379
5380
5377
5378
5381
5382
5383
5384
5385
5386
5387
5388
5389
5390
5407
5395
5396
5392
5393
5394
5397
5398
5399
5400
5401
5402
5403
5404
5405
5406
5410
5408
5409
5424
5411
5412
5413
5414
5415
5416
5417
5418
5419
5420
5421
5422
5423
5437
5425
5426
5427
5428
5429
5430
5431
5432
5433
5434
5435
5436
5441
5438
5439
5440
5279
5293
5280
5281
5282
5283
5284
5285
5286
5287
5288
5289
5290
5291
5292
5324
5294
5295
5296
5310
5297
5298
5299
5300
5301
5302
5303
5304
5305
5306
5307
5308
5309
5323
5311
5312
5313
5314
5315
5316
5317
5318
5319
5320
5321
5322
5337
5325
5326
5327
5328
5329
5330
5331
5332
5333
5334
5335
5336
5356
5338
5339
5340
5341
5342
5343
5344
5345
5346
5347
5348
5349
5350
5351
5352
5353
5354
5355
5250
2723
5146
5128
5129
5130
5131
5132
5133
5134
5135
5136
5137
5138
5139
5140
5141
5142
5143
5144
5145
5147
5148
5167
5149
5150
5151
5152
5153
5154
5155
5156
5157
5158
5159
5160
5161
5162
5163
5164
5165
5166
3608
2725
2726
2727
2728
2745
2729
2730
2731
2732
2733
2734
2735
2736
2737
2738
2739
2740
2741
2742
2743
2744
2746
2763
2747
2748
2749
2750
2751
2752
2753
2754
2755
2756
2757
2758
2759
2760
2761
2762
2780
2764
2765
2766
2767
2768
2769
2770
2771
2772
2773
2774
2775
2776
2777
2778
2779
2781
2782
2783
2784
2819
2785
2786
2787
2788
2789
2790
2791
2792
2793
2794
2795
2796
2797
2798
2941
2860
2861
2862
2863
2864
2865
2866
2867
2834
2835
2836
2837
2838
2839
2840
2841
2820
2821
2822
2823
2824
2825
2826
2827
2828
2829
2830
2831
2832
2833
2842
2843
2844
2845
2846
2847
2848
2849
2850
2851
2852
2853
2854
2855
2856
2857
2858
2859
2868
2869
2870
2871
2872
2897
2873
2874
2875
2876
2877
2878
2879
2880
2881
2882
2883
2884
2885
2886
2887
2888
2889
2890
2891
2892
2893
2894
2895
2896
2940
2906
2907
2908
2909
2910
2898
2899
2900
2901
2902
2903
2904
2905
2911
2912
2913
2914
2915
2992
2956
2957
2958
2959
2960
2961
2962
2963
2942
2943
2944
2945
2946
2947
2948
2949
2950
2951
2952
2953
2954
2955
2964
2965
2966
2967
2968
2969
2970
2971
2972
2973
2974
2975
2976
2977
2978
2979
2980
2981
2982
2983
2984
2985
2986
2987
2988
2989
2990
2991
2993
3002
3003
3004
3005
3006
2994
2995
2996
2997
2998
2999
3000
3001
3007
3008
3009
3010
3011
2817
2799
2800
2801
2802
2803
2804
2805
2806
2807
2808
2809
2810
2811
2812
2813
2814
2815
2816
2818
3012
3029
3013
3014
3015
3016
3017
3018
3019
3020
3021
3022
3023
3024
3025
3026
3027
3028
3030
3031
3032
3033
3034
3035
3036
3037
3038
3039
3040
3041
3042
3043
3044
3045
3046
3047
3048
3049
3050
3051
3052
3053
3054
3055
3056
3057
3058
3059
3060
3061
3062
3063
3064
3065
3066
3067
3306
3307
3308
3294
3295
3296
3297
3298
3299
3300
3301
3302
3303
3304
3305
3309
3310
3311
3312
3313
3314
3315
3316
3317
3334
3318
3319
3320
3321
3322
3323
3324
3325
3326
3327
3328
3329
3330
3331
3332
3333
3384
3343
3344
3335
3336
3337
3338
3339
3340
3341
3342
3345
3346
3347
3348
3349
3368
3350
3351
3352
3353
3354
3355
3356
3357
3358
3359
3360
3361
3362
3363
3364
3365
3366
3367
3369
3383
3370
3371
3372
3373
3374
3375
3376
3377
3378
3379
3380
3381
3382
3606
3385
3386
3387
3388
3389
3390
3391
3392
3393
3630
3615
3616
3617
3609
3610
3611
3612
3613
3614
3618
3619
3620
3621
3622
3623
3624
3625
3626
3627
3628
3629
3681
3639
3640
3631
3632
3633
3634
3635
3636
3637
3638
3641
3642
3643
3644
3645
3716
3688
3689
3690
3682
3683
3684
3685
3686
3687
3691
3692
3693
3694
3695
3696
3697
3698
3699
3700
3701
3702
3703
3704
3705
3706
3707
3708
3709
3710
3711
3712
3713
3714
3715
3791
3717
3718
3719
3720
3721
3722
3723
3724
3725
3726
3727
3728
3729
3730
3731
3732
3733
3734
3743
3744
3745
3746
3747
3748
3749
3750
3735
3736
3737
3738
3739
3740
3741
3742
3751
3752
3753
3754
3755
4179
3800
3801
3802
3803
3804
3792
3793
3794
3795
3796
3797
3798
3799
3805
3806
3807
3808
3809
3872
3873
3874
3852
3853
3854
3855
3856
3857
3858
3859
3844
3845
3846
3847
3848
3849
3850
3851
3860
3861
3862
3863
3864
3865
3866
3867
3868
3869
3870
3871
3875
3876
3877
3878
3879
3880
3881
3882
3883
4120
3892
3893
3884
3885
3886
3887
3888
3889
3890
3891
3894
3895
3896
3897
3898
4160
4129
4130
4131
4132
4133
4121
4122
4123
4124
4125
4126
4127
4128
4134
4135
4136
4137
4138
4139
4140
4141
4142
4143
4144
4145
4146
4147
4148
4149
4150
4151
4152
4153
4154
4155
4156
4157
4158
4159
4161
4178
4162
4163
4164
4165
4166
4167
4168
4169
4170
4171
4172
4173
4174
4175
4176
4177
4274
4186
4187
4180
4181
4182
4183
4184
4185
4188
4189
4190
4191
4192
4256
4257
4258
4259
4260
4261
4262
4263
4264
4265
4266
4267
4268
4269
4270
4271
4272
4273
4425
4301
4302
4303
4304
4305
4306
4307
4308
4281
4282
4283
4284
4285
4286
4287
4288
4275
4276
4277
4278
4279
4280
4289
4290
4291
4292
4293
4294
4295
4296
4297
4298
4299
4300
4309
4310
4311
4312
4313
4444
4426
4427
4428
4429
4430
4431
4432
4433
4434
4435
4436
4437
4438
4439
4440
4441
4442
4443
4463
4451
4452
4445
4446
4447
4448
4449
4450
4453
4454
4455
4456
4457
4458
4459
4460
4461
4462
4494
4482
4483
4470
4471
4472
4464
4465
4466
4467
4468
4469
4473
4474
4475
4476
4477
4478
4479
4480
4481
4484
4485
4486
4487
4488
4489
4490
4491
4492
4493
4497
4495
4496
4506
4498
4499
4500
4501
4502
4503
4504
4505
3497
3498
3499
3500
3501
3502
3548
3549
3550
3551
3552
3553
3554
3555
3572
4523
4507
4508
4509
4510
4511
4512
4513
4514
4515
4516
4517
4518
4519
4520
4521
4522
4540
4524
4525
4526
4527
4528
4529
4530
4531
4532
4533
4534
4535
4536
4537
4538
4539
4781
4541
4542
4543
4544
4545
4790
4782
4783
4784
4785
4786
4787
4788
4789
3556
3557
3558
3559
3560
3561
3562
3563
3564
3565
3566
3567
3568
3569
3570
3571
3573
3576
3574
3575
3577
2916
2917
2918
2919
2920
2921
2922
2923
2924
2925
2926
2927
2928
2929
2930
2931
2932
2933
2934
2935
2936
2937
2938
2939
3200
3195
3196
3197
3198
3199
3123
3129
3124
3125
3126
3127
3128
294
295
296
297
298
299
300
301
302
303
304
305
306
307
308
309
378
320
321
312
313
314
315
316
317
318
319
322
323
324
325
326
349
350
351
352
353
341
342
343
344
345
346
347
348
354
355
356
357
358
377
395
379
380
381
382
383
384
385
386
387
388
389
390
391
392
393
394
472
404
405
396
397
398
399
400
401
402
403
406
407
408
409
410
416
417
418
419
420
421
422
423
411
412
413
414
415
424
425
426
427
428
429
430
431
432
433
434
435
436
437
452
453
454
455
456
457
438
439
440
441
442
443
444
445
446
447
448
449
450
451
458
459
460
461
462
463
464
465
466
467
468
469
470
471
497
473
474
475
476
477
478
479
480
481
482
483
484
485
486
487
488
489
490
491
492
493
494
495
496
544
506
507
498
499
500
501
502
503
504
505
508
509
510
511
512
564
545
546
547
548
549
550
551
552
583
565
566
567
568
569
570
571
572
573
574
575
576
577
578
579
580
581
582
584
600
585
586
587
588
589
590
591
592
593
594
595
596
597
598
599
601
3278
3284
3279
3280
3281
3282
3283
602
603
604
605
606
607
608
609
610
611
612
613
614
615
616
617
618
619
620
621
622
623
624
625
626
627
628
629
630
631
647
640
641
632
633
634
635
636
637
638
639
642
643
644
645
646
648
649
650
651
652
653
654
655
656
657
658
659
660
661
662
663
664
665
666
667
668
669
670
671
672
673
674
675
676
677
678
700
682
683
684
685
686
687
688
689
679
680
681
690
691
692
693
694
695
696
697
698
699
1970
701
702
703
704
705
706
707
708
1892
1890
1891
1893
1971
1984
1972
1973
1974
1975
1976
1977
1978
1979
1980
1981
1982
1983
1985
2000
2001
2002
2003
2004
1986
1987
1988
1989
1990
1991
1992
1993
1994
1995
1996
1997
1998
1999
2005
2006
2007
2008
2009
2010
2011
2012
2013
2014
2015
2016
2029
2030
2031
2032
2033
2034
2035
2036
2017
2018
2019
2020
2021
2022
2023
2024
2025
2026
2027
2028
2037
2038
2039
2040
2041
2042
2043
2044
2045
2046
2047
2048
2156
2051
2052
2053
2054
2055
2056
2049
2050
2057
2058
2059
2060
2061
2062
2063
2064
2065
2066
2067
2068
2069
2070
2071
2072
2073
2074
2075
2076
2077
2078
2079
2080
2081
2094
2095
2096
2097
2098
2099
2100
2101
2082
2083
2084
2085
2086
2087
2088
2089
2090
2091
2092
2093
2102
2103
2104
2105
2106
2107
2108
2109
2110
2111
2112
2113
2114
2115
2116
2117
2118
2119
2120
2121
2122
2123
2124
2125
2126
2127
2140
2141
2142
2143
2144
2145
2146
2147
2148
2149
2150
2151
2152
2153
2154
2155
2157
2128
2129
2130
2131
2132
2133
2134
2135
2136
2137
2138
2139
1860
1861
3137
3143
3138
3139
3140
3141
3142
1677
1664
1665
1666
1667
1668
1669
1670
1671
1672
1673
1674
1675
1676
1678
3151
3157
3152
3153
3154
3155
3156
1720
1708
1709
1710
1711
1712
1713
1714
1715
1716
1717
1718
1719
1721
1738
1722
1723
1724
1725
1726
1727
1728
1729
1730
1731
1732
1733
1734
1735
1736
1737
1739
3188
3183
3184
3185
3186
3187
721
3
0
1
2
4
734
722
723
724
725
726
727
728
729
730
731
732
733
735
736
3182
3177
3178
3179
3180
3181
3176
3171
3172
3173
3174
3175
1858
1845
1846
1847
1848
1849
1850
1851
1852
1853
1854
1855
1856
1857
1859
1763
1753
1754
1755
1756
1757
1742
1743
1744
1745
1746
1747
1748
1749
1750
1751
1752
1758
1759
1760
1761
1762
1809
1801
1802
1803
1804
1805
1806
1807
1808
1789
1790
1791
1781
1782
1783
1784
1785
1786
1787
1788
1792
1793
1794
1795
1796
1797
1798
1799
1800
1776
1777
1778
1779
1780
1764
1765
1766
1767
1768
1769
1770
1771
1772
1773
1774
1775
6953
6948
6949
6950
6973
6954
6955
6956
6957
6958
6959
6960
6961
6962
6963
6964
6965
6966
6967
6968
6969
6970
6971
6972
8848
6974
6983
6975
6976
6977
6978
6979
6980
6981
6982
6984
7023
7001
7002
7003
6993
6994
6995
6996
6997
6998
6999
7000
7004
7005
7006
7007
7008
7009
7010
7011
7012
6985
6986
6987
6988
6989
6990
6991
6992
7013
7014
7015
7016
7017
7018
7019
7020
7021
7022
7038
8368
8224
8225
8226
8360
8282
8283
8284
8285
8286
8287
8288
8289
8290
8291
8292
8293
8294
8295
8296
8297
8298
8299
8308
8309
8310
8311
8312
8300
8301
8302
8303
8304
8305
8306
8307
8313
8314
8315
8316
8317
8359
8346
8347
8337
8338
8339
8329
8330
8331
8332
8333
8334
8335
8336
8340
8341
8342
8343
8344
8345
8348
8349
8350
8351
8352
8318
8319
8320
8321
8322
8323
8324
8325
8326
8327
8328
8353
8354
8355
8356
8357
8358
7024
7025
7026
7027
7028
7029
7030
7031
7032
7033
7034
7035
7036
7037
7606
7039
7040
7041
7333
7313
7314
7315
7316
7317
7318
7319
7320
7321
7322
7305
7306
7307
7308
7309
7310
7311
7312
7323
7324
7325
7326
7327
7328
7329
7330
7331
7332
7364
7342
7343
7344
7345
7346
7347
7348
7349
7350
7351
7352
7353
7334
7335
7336
7337
7338
7339
7340
7341
7354
7355
7356
7357
7358
7359
7360
7361
7362
7363
7392
7373
7374
7375
7376
7377
7378
7379
7380
7381
7365
7366
7367
7368
7369
7370
7371
7372
7382
7383
7384
7385
7386
7387
7388
7389
7390
7391
7423
7401
7402
7403
7404
7405
7406
7407
7408
7409
7410
7411
7412
7393
7394
7395
7396
7397
7398
7399
7400
7413
7414
7415
7416
7417
7418
7419
7420
7421
7422
7454
7432
7433
7434
7435
7436
7437
7438
7439
7440
7441
7442
7443
7424
7425
7426
7427
7428
7429
7430
7431
7444
7445
7446
7447
7448
7449
7450
7451
7452
7453
7475
7463
7464
7455
7456
7457
7458
7459
7460
7461
7462
7465
7466
7467
7468
7469
7470
7471
7472
7473
7474
7504
7484
7485
7486
7487
7488
7489
7490
7491
7492
7493
7476
7477
7478
7479
7480
7481
7482
7483
7494
7495
7496
7497
7498
7499
7500
7501
7502
7503
7605
7505
7506
7507
7508
7509
7510
7511
7512
7513
7514
7515
7516
7517
7518
7519
7543
7544
7545
7546
7547
7548
7549
7550
7551
7587
7588
7579
7580
7581
7582
7583
7584
7585
7586
7589
7590
7591
7592
7593
7594
7595
7596
7597
7598
7599
7600
7601
7602
7603
7604
7632
7656
7641
7642
7643
7644
7645
7633
7634
7635
7636
7637
7638
7639
7640
7646
7647
7648
7649
7650
7651
7652
7653
7654
7655
7680
7665
7666
7667
7668
7669
7657
7658
7659
7660
7661
7662
7663
7664
7670
7671
7672
7673
7674
7675
7676
7677
7678
7679
7704
7689
7690
7691
7692
7693
7681
7682
7683
7684
7685
7686
7687
7688
7694
7695
7696
7697
7698
7699
7700
7701
7702
7703
7724
7713
7705
7706
7707
7708
7709
7710
7711
7712
7714
7715
7716
7717
7718
7719
7720
7721
7722
7723
7972
7733
7734
7735
7736
7737
7725
7726
7727
7728
7729
7730
7731
7732
7738
7739
7740
7741
7742
7771
7772
7773
7774
7775
7763
7764
7765
7766
7767
7768
7769
7770
7776
7777
7778
7779
7780
7971
7817
7818
7801
7802
7803
7804
7805
7806
7807
7808
7809
7810
7811
7812
7813
7814
7815
7816
7819
7820
7821
7822
7823
7926
7824
7825
7826
7827
7828
7829
7830
7831
7832
7833
7834
7835
7836
7837
7838
7839
7840
7841
7850
7851
7852
7853
7854
7855
7856
7857
7842
7843
7844
7845
7846
7847
7848
7849
7858
7859
7860
7861
7862
7970
7935
7936
7937
7938
7939
7940
7941
7942
7927
7928
7929
7930
7931
7932
7933
7934
7943
7944
7945
7946
7947
7956
7948
7949
7950
7951
7952
7953
7954
7955
7957
7958
7959
7960
7961
7962
7963
7964
7965
7966
7967
7968
7969
1810
7536
7537
7520
7521
7522
7523
7524
7525
7526
7527
7528
7529
7530
7531
7532
7533
7534
7535
7538
7539
7540
7541
7542
7615
7616
7617
7607
7608
7609
7610
7611
7612
7613
7614
7618
7619
7620
7621
7622
7623
7624
7625
7626
7627
7628
7629
7630
7631
7925
7890
7891
7874
7875
7876
7877
7878
7879
7880
7881
7882
7883
7884
7885
7886
7887
7888
7889
7892
7893
7894
7895
7896
7897
7898
7899
7900
7901
7902
7903
7904
7905
7906
7907
7908
7909
7910
7911
7912
7913
7914
7915
7916
7917
7918
7919
7920
7921
7922
7923
7924
7863
7864
7865
7866
7867
7868
7869
7870
7871
7872
7873
3257
3263
3258
3259
3260
3261
3262
3264
3270
3265
3266
3267
3268
3269
3271
3277
3272
3273
3274
3275
3276
1826
1811
1812
1813
1814
1815
1816
1817
1818
1819
1820
1821
1822
1823
1824
1825
1827
7560
7561
7562
7552
7553
7554
7555
7556
7557
7558
7559
7563
7564
7565
7566
7567
7568
7569
7570
7571
7572
7573
7574
7575
7576
7577
7578
7762
7751
7743
7744
7745
7746
7747
7748
7749
7750
7752
7753
7754
7755
7756
7757
7758
7759
7760
7761
3194
3189
3190
3191
3192
3193
737
5
6
7
18
8
9
10
11
12
13
14
15
738
739
748
740
741
742
743
744
745
746
747
774
749
750
751
752
753
754
755
756
757
758
759
760
761
762
763
764
765
766
767
768
769
770
771
772
773
821
775
776
777
778
779
780
781
782
783
784
785
786
787
788
789
790
791
792
799
800
801
802
803
804
805
806
807
808
809
810
811
812
813
814
815
816
817
818
819
820
1021
822
823
824
825
826
827
828
829
830
831
832
833
834
835
836
837
838
839
842
912
911
910
907
908
909
904
905
906
899
900
901
902
903
894
895
896
897
898
891
892
893
875
876
877
878
879
880
881
882
883
884
885
886
887
888
889
890
858
859
860
861
862
863
869
870
871
872
873
874
855
856
857
843
844
845
846
847
848
849
850
851
852
853
854
913
1022
1023
3158
3164
3159
3160
3161
3162
3163
1024
1025
1038
1026
1027
1028
1029
1030
1031
1032
1033
1034
1035
1036
1037
1039
1875
1864
1865
1866
1867
1868
1869
1870
1871
1872
1873
1874
1862
1863
8061
8078
8062
8063
8064
8065
8066
8067
8068
8069
8070
8071
8072
8073
8074
8075
8076
8077
8085
8079
8080
8081
8082
8083
8084
8847
8373
8374
8375
8646
8575
8576
8577
8578
8579
8580
8581
8582
8583
8584
8585
8586
8587
8588
8589
8590
8591
8592
8601
8602
8603
8604
8605
8593
8594
8595
8596
8597
8598
8599
8600
8606
8607
8608
8609
8610
8645
8634
8635
8636
8637
8638
8639
8622
8623
8624
8625
8626
8627
8628
8629
8630
8631
8632
8633
8640
8641
8642
8643
8644
8611
8612
8613
8614
8615
8616
8617
8618
8619
8620
8621
8665
8655
8656
8657
8658
8659
8647
8648
8649
8650
8651
8652
8653
8654
8660
8661
8662
8663
8664
8690
8666
8667
8668
8669
8670
8671
8672
8673
8674
8675
8676
8677
8678
8679
8680
8681
8682
8683
8684
8685
8686
8687
8688
8689
8712
8691
8692
8693
8694
8695
8696
8697
8698
8699
8700
8701
8702
8703
8704
8705
8706
8707
8708
8709
8710
8711
8737
8713
8714
8715
8716
8717
8718
8719
8720
8721
8722
8723
8724
8725
8726
8727
8728
8729
8730
8731
8732
8733
8734
8735
8736
8753
8738
8739
8740
8741
8742
8743
8744
8745
8746
8747
8748
8749
8750
8751
8752
8800
8780
8781
8782
8783
8784
8785
8786
8787
8788
8789
8790
8791
8792
8793
8794
8795
8796
8797
8798
8799
8823
8801
8802
8803
8804
8805
8806
8807
8808
8809
8810
8811
8812
8813
8814
8815
8816
8817
8818
8819
8820
8821
8822
8846
8824
8825
8826
8827
8828
8829
8830
8831
8832
8833
8834
8835
8836
8837
8838
8839
8840
8841
8842
8843
8844
8845
8125
8106
8107
8108
8109
8110
8100
8101
8102
8103
8104
8105
8094
8095
8096
8097
8098
8099
8111
8112
8113
8114
8086
8087
8088
8089
8090
8091
8092
8093
8115
8116
8117
8118
8119
8120
8121
8122
8123
8124
8126
1876
8754
8755
8756
8757
8758
8759
8760
8761
8762
8763
8764
8765
8766
8767
8768
8769
8770
8771
8772
8773
8774
8775
8776
8777
8778
8779
3170
3165
3166
3167
3168
3169
1888
1877
1878
1879
1880
1881
1882
1883
1884
1885
1886
1887
8127
8131
8128
8129
8130
8154
8140
8141
8142
8143
8132
8133
8134
8135
8136
8137
8138
8139
8144
8145
8146
8147
8148
8149
8150
8151
8152
8153
8174
8163
8155
8156
8157
8158
8159
8160
8161
8162
8164
8165
8166
8167
8168
8169
8170
8171
8172
8173
1889
1061
1048
1049
1050
1051
1052
1053
1054
1055
1040
1041
1042
1043
1044
1045
1046
1047
1056
1057
1058
1059
1060
1065
1062
1063
1064
1066
7973
7982
7974
7975
7976
7977
7978
7979
7980
7981
7983
7984
7985
7986
7987
8060
7988
7989
7990
7991
7992
7993
7994
7995
7996
7997
7998
7999
8000
8001
8002
8003
8004
8005
8014
8015
8016
8017
8018
8019
8020
8021
8006
8007
8008
8009
8010
8011
8012
8013
8022
8023
8024
8025
8026
8046
8038
8039
8040
8041
8042
8043
8044
8045
8047
8048
8049
8050
8051
8052
8053
8054
8055
8056
8057
8058
8059
8027
8028
8029
8030
8031
8032
8033
8034
8035
8036
8037
1067
1068
3285
3291
3286
3287
3288
3289
3290
3767
3768
3769
3770
3771
3772
3773
3774
3775
3776
3777
3778
3779
3780
3781
3782
3783
3784
3785
3786
3787
3788
3789
3790
3756
3757
3758
3759
3760
3761
3762
3763
3764
3765
3766
4546
4547
4548
4549
4550
4551
4552
4553
4554
4555
4556
4557
4558
4559
4563
4564
4565
4566
4567
4568
4569
4570
4571
4572
4607
4573
4574
4575
4576
4577
4578
4579
4580
4581
4582
4583
4584
4585
4586
4729
4648
4649
4650
4651
4652
4653
4654
4655
4622
4623
4624
4625
4626
4627
4628
4629
4608
4609
4610
4611
4612
4613
4614
4615
4616
4617
4618
4619
4620
4621
4630
4631
4632
4633
4634
4635
4636
4637
4638
4639
4640
4641
4642
4643
4644
4645
4646
4647
4656
4657
4658
4659
4660
4780
4744
4745
4746
4747
4748
4749
4750
4751
4730
4731
4732
4733
4734
4735
4736
4737
4738
4739
4740
4741
4742
4743
4752
4753
4754
4755
4756
4757
4758
4759
4760
4761
4762
4763
4764
4765
4766
4767
4768
4769
4770
4771
4772
4773
4774
4775
4776
4777
4778
4779
4605
4587
4588
4589
4590
4591
4592
4593
4594
4595
4596
4597
4598
4599
4600
4601
4602
4603
4604
4606
4685
4661
4662
4663
4664
4665
4666
4667
4668
4669
4670
4671
4672
4673
4674
4675
4676
4677
4678
4679
4680
4681
4682
4683
4684
4728
4694
4695
4696
4697
4698
4686
4687
4688
4689
4690
4691
4692
4693
4699
4700
4701
4702
4703
4704
4705
4706
4707
4708
4709
4710
4711
4712
4713
4714
4715
4716
4717
4718
4719
4720
4721
4722
4723
4724
4725
4726
4727
3116
3122
3117
3118
3119
3120
3121
715
718
716
717
6938
6937
6936
6929
6930
6923
6924
6925
6926
6927
6928
6931
6932
6933
6934
6935
6947
6939
6940
6941
6942
6945
6943
6944
6946
719
720
8361
8362
8184
8182
8183
8179
8180
8181
8187
8185
8186
8188
8218
8189
8190
8191
8195
8192
8193
8194
8196
8213
8197
8198
8199
8200
8201
8202
8203
8204
8205
8206
8207
8208
8209
8210
8211
8212
8217
8214
8215
8216
8219
8220
8223
8221
8222
8367
8252
8251
8236
8237
8227
8228
8229
8230
8231
8232
8233
8234
8235
8238
8239
8240
8241
8242
8243
8250
8244
8245
8246
8247
8248
8249
8363
8364
8365
8366
7066
7050
7051
7052
7053
7054
7055
7042
7043
7044
7045
7046
7047
7048
7049
7056
7057
7058
7059
7060
7061
7062
7063
7064
7065
7093
7075
7076
7077
7078
7079
7080
7081
7082
7067
7068
7069
7070
7071
7072
7073
7074
7083
7084
7085
7086
7087
7088
7089
7090
7091
7092
7115
7102
7103
7104
7094
7095
7096
7097
7098
7099
7100
7101
7105
7106
7107
7108
7109
7110
7111
7112
7113
7114
7142
7124
7125
7126
7127
7128
7129
7130
7131
7116
7117
7118
7119
7120
7121
7122
7123
7132
7133
7134
7135
7136
7137
7138
7139
7140
7141
7169
7151
7152
7153
7154
7155
7156
7157
7158
7143
7144
7145
7146
7147
7148
7149
7150
7159
7160
7161
7162
7163
7164
7165
7166
7167
7168
7190
7178
7179
7170
7171
7172
7173
7174
7175
7176
7177
7180
7181
7182
7183
7184
7185
7186
7187
7188
7189
7215
7199
7200
7201
7202
7203
7204
7191
7192
7193
7194
7195
7196
7197
7198
7205
7206
7207
7208
7209
7210
7211
7212
7213
7214
7304
7216
7217
7218
7219
7220
7221
7222
7223
7224
7225
7226
7242
7243
7244
7245
7246
7247
7248
7249
7250
7286
7287
7278
7279
7280
7281
7282
7283
7284
7285
7288
7289
7290
7291
7292
7293
7294
7295
7296
7297
7298
7299
7300
7301
7302
7303
8395
8376
8394
8383
8384
8385
8386
8387
8388
8377
8378
8379
8380
8381
8382
8389
8390
8391
8392
8393
8428
8396
8397
8398
8399
8400
8401
8408
8409
8410
8411
8412
8413
8402
8403
8404
8405
8406
8407
8414
8415
8416
8417
8418
8419
8420
8421
8422
8423
8424
8425
8426
8427
8447
8429
8430
8431
8432
8433
8434
8435
8436
8437
8438
8439
8440
8441
8442
8443
8444
8445
8446
8461
8448
8449
8450
8451
8452
8453
8454
8455
8456
8457
8458
8459
8460
8480
8462
8463
8464
8465
8466
8467
8468
8469
8470
8471
8472
8473
8474
8475
8476
8477
8478
8479
8499
8481
8482
8483
8484
8485
8486
8487
8488
8489
8490
8491
8492
8493
8494
8495
8496
8497
8498
8540
8520
8521
8522
8523
8524
8525
8526
8527
8528
8529
8530
8531
8532
8533
8534
8535
8536
8537
8538
8539
8557
8541
8542
8543
8544
8545
8546
8547
8548
8549
8550
8551
8552
8553
8554
8555
8556
8574
8558
8559
8560
8561
8562
8563
8564
8565
8566
8567
8568
8569
8570
8571
8572
8573
8500
8501
8502
8503
8504
8505
8506
8507
8508
8509
8510
8511
8512
8513
8514
8515
8516
8517
8518
8519
7235
7236
7227
7228
7229
7230
7231
7232
7233
7234
7237
7238
7239
7240
7241
7259
7260
7261
7251
7252
7253
7254
7255
7256
7257
7258
7262
7263
7264
7265
7266
7267
7268
7269
7270
7271
7272
7273
7274
7275
7276
7277
1691
1679
1680
1681
1682
1683
1684
1685
1686
1687
1688
1689
1690
1692
1740
1741
793
794
795
796
797
798
1019
1004
1003
1002
1000
1001
997
998
999
994
995
996
989
990
991
992
993
984
985
986
987
988
981
982
983
978
979
980
962
963
964
965
966
967
968
969
970
971
972
973
974
975
976
977
946
947
948
949
950
951
952
953
954
955
956
957
958
959
960
961
929
930
931
932
933
934
940
941
942
943
944
945
926
927
928
914
915
916
917
918
919
920
921
922
923
924
925
1005
1006
1007
1008
1009
1010
1011
1012
1013
1014
1015
1016
1017
1018
1020
3109
3115
3110
3111
3112
3113
3114
709
712
710
711
6799
6757
6758
6759
6753
6754
6755
6756
6760
6761
6762
6763
6764
6803
6800
6801
6802
6807
6804
6805
6806
6808
6816
6814
6815
6809
6810
6811
6812
6813
6833
6817
6818
6819
6820
6821
6822
6823
6824
6825
6826
6827
6828
6829
6830
6831
6832
6922
6834
6835
6836
6837
6838
6839
6840
6841
6842
6843
6844
6845
6846
6847
6848
6849
6850
6851
6860
6861
6862
6863
6864
6865
6866
6867
6852
6853
6854
6855
6856
6857
6858
6859
6868
6869
6870
6871
6872
6903
6884
6885
6886
6887
6888
6889
6890
6891
6892
6893
6894
6912
6904
6905
6906
6907
6908
6909
6910
6911
6913
6914
6915
6916
6917
6918
6919
6920
6921
6873
6874
6875
6876
6877
6878
6879
6880
6881
6882
6883
713
714
8253
8254
8255
8281
8280
8265
8266
8256
8257
8258
8259
8260
8261
8262
8263
8264
8267
8268
8269
8270
8271
8272
8279
8273
8274
8275
8276
8277
8278
3144
3150
3145
3146
3147
3148
3149
1706
1693
1694
1695
1696
1697
1698
1699
1700
1701
1702
1703
1704
1705
1707
935
936
937
938
939
1843
1828
1829
1830
1831
1832
1833
1834
1835
1836
1837
1838
1839
1840
1841
1842
1844
7800
7789
7781
7782
7783
7784
7785
7786
7787
7788
7790
7791
7792
7793
7794
7795
7796
7797
7798
7799
3201
3207
3202
3203
3204
3205
3206
3250
3256
3251
3252
3253
3254
3255
3236
3242
3237
3238
3239
3240
3241
1589
1590
1625
1609
1610
1611
1612
1613
1614
1615
1616
1617
1618
1619
1620
1621
1622
1623
1624
1593
1594
1595
1596
1597
1598
1599
1600
1601
1602
1603
1604
1605
1606
1607
1608
1591
1592
8852
8849
8850
8851
8853
8857
8854
8855
8856
8874
8858
8859
8860
8861
8862
8863
8864
8865
8866
8867
8868
8869
8870
8871
8872
8873
8891
8875
8876
8877
8878
8879
8880
8881
8882
8883
8884
8885
8886
8887
8888
8889
8890
8895
8892
8893
8894
8899
8896
8897
8898
8900
8901
8902
8903
8904
8905
8906
1626
1627
3222
3228
3223
3224
3225
3226
3227
3229
3235
3230
3231
3232
3233
3234
3243
3249
3244
3245
3246
3247
3248
1655
1650
1651
1652
1653
1654
1656
1657
1658
1659
1660
1661
1662
1663
1648
1649
1329
1330
1343
1331
1332
1333
1334
1335
1336
1337
1338
1339
1340
1341
1342
1361
1356
1357
1358
1359
1360
1344
1345
1346
1347
1348
1349
1350
1351
1352
1353
1354
1355
1374
1362
1363
1364
1365
1366
1367
1368
1369
1370
1371
1372
1373
1375
1381
1376
1377
1378
1379
1380
1382
1383
1384
1385
1386
1397
1387
1388
1389
1390
1391
1392
1393
1394
1395
1396
1408
1398
1399
1400
1401
1402
1403
1404
1405
1406
1407
1419
1409
1410
1411
1412
1413
1414
1415
1416
1417
1418
1430
1420
1421
1422
1423
1424
1425
1426
1427
1428
1429
1442
1431
1432
1433
1434
1435
1436
1437
1438
1439
1440
1441
1454
1443
1444
1445
1446
1447
1448
1449
1450
1451
1452
1453
1466
1455
1456
1457
1458
1459
1460
1461
1462
1463
1464
1465
1478
1467
1468
1469
1470
1471
1472
1473
1474
1475
1476
1477
1490
1479
1480
1481
1482
1483
1484
1485
1486
1487
1488
1489
1502
1491
1492
1493
1494
1495
1496
1497
1498
1499
1500
1501
1514
1503
1504
1505
1506
1507
1508
1509
1510
1511
1512
1513
1526
1515
1516
1517
1518
1519
1520
1521
1522
1523
1524
1525
1538
1527
1528
1529
1530
1531
1532
1533
1534
1535
1536
1537
1553
1539
1540
1541
1542
1543
1544
1545
1546
1547
1548
1549
1550
1551
1552
1586
1585
1584
1583
1582
1581
1576
1577
1578
1579
1580
1560
1561
1562
1563
1564
1565
1566
1567
1568
1569
1570
1571
1572
1573
1574
1575
1554
1555
1556
1557
1558
1559
1587
1588
1646
1644
1645
1632
1633
1634
1635
1636
1637
1638
1639
1640
1641
1642
1643
1647
1069
1070
1083
1071
1072
1073
1074
1075
1076
1077
1078
1079
1080
1081
1082
1101
1096
1097
1098
1099
1100
1084
1085
1086
1087
1088
1089
1090
1091
1092
1093
1094
1095
1114
1102
1103
1104
1105
1106
1107
1108
1109
1110
1111
1112
1113
1115
1121
1116
1117
1118
1119
1120
1122
1123
1124
1125
1126
1137
1127
1128
1129
1130
1131
1132
1133
1134
1135
1136
1148
1138
1139
1140
1141
1142
1143
1144
1145
1146
1147
1159
1149
1150
1151
1152
1153
1154
1155
1156
1157
1158
1170
1160
1161
1162
1163
1164
1165
1166
1167
1168
1169
1182
1171
1172
1173
1174
1175
1176
1177
1178
1179
1180
1181
1194
1183
1184
1185
1186
1187
1188
1189
1190
1191
1192
1193
1206
1195
1196
1197
1198
1199
1200
1201
1202
1203
1204
1205
1218
1207
1208
1209
1210
1211
1212
1213
1214
1215
1216
1217
1230
1219
1220
1221
1222
1223
1224
1225
1226
1227
1228
1229
1242
1231
1232
1233
1234
1235
1236
1237
1238
1239
1240
1241
1254
1243
1244
1245
1246
1247
1248
1249
1250
1251
1252
1253
1266
1255
1256
1257
1258
1259
1260
1261
1262
1263
1264
1265
1278
1267
1268
1269
1270
1271
1272
1273
1274
1275
1276
1277
1293
1279
1280
1281
1282
1283
1284
1285
1286
1287
1288
1289
1290
1291
1292
1326
1325
1324
1323
1322
1321
1316
1317
1318
1319
1320
1300
1301
1302
1303
1304
1305
1306
1307
1308
1309
1310
1311
1312
1313
1314
1315
1294
1295
1296
1297
1298
1299
1327
1328
3208
3214
3209
3210
3211
3212
3213
3215
3221
3216
3217
3218
3219
3220
1628
1629
8937
8907
8908
8909
8918
8916
8917
8910
8911
8912
8913
8914
8915
8927
8925
8926
8919
8920
8921
8922
8923
8924
8930
8929
8928
8933
8931
8932
8936
8934
8935
1630
1631
4255
4201
4202
4193
4194
4195
4196
4197
4198
4199
4200
4203
4204
4205
4206
4207
4238
4223
4224
4225
4226
4227
4228
4229
4230
4231
4232
4233
4234
4235
4236
4237
4254
4239
4240
4241
4242
4243
4244
4245
4246
4247
4248
4249
4250
4251
4252
4253
3578
3579
3580
3581
3582
3583
3600
3584
3585
3586
3587
3588
3589
3590
3591
3592
3593
3594
3595
3596
3597
3598
3599
3601
3604
3602
3603
3605
3810
3811
3812
3813
3814
3815
3816
3817
3818
3819
3820
3821
3822
3823
3824
3825
3826
3827
3828
3829
3830
3831
3832
3833
3834
3835
3836
3837
3838
3839
3840
3841
3842
3843
4221
4208
4209
4210
4211
4212
4213
4214
4215
4216
4217
4218
4219
4220
4222
5068
5055
5056
5057
5058
5059
5060
5069
5070
3515
3503
3504
3505
3506
3507
3508
3509
3510
3511
3512
3513
3514
3546
3518
3516
3517
3529
3519
3520
3521
3522
3523
3524
3525
3526
3527
3528
3530
339
327
328
329
330
331
332
333
334
335
336
337
338
340
2536
2537
2538
2539
2540
2541
2542
2543
2544
2545
2546
2547
2548
2549
2550
2551
2552
2553
2554
2600
2601
2602
2603
2604
2592
2593
2594
2595
2596
2597
2598
2599
2605
2606
2607
2608
2609
2612
2618
2613
2614
2615
2616
25
19
20
21
22
23
24
2617
2622
2619
2620
2621
2631
2623
2624
2625
2626
2627
2628
2629
2630
6725
6726
6727
8178
8175
8176
8177
6730
6728
6729
