124
128
125
126
127
176
175
135
136
129
130
131
132
133
134
137
138
139
140
141
165
166
159
160
161
162
163
164
167
168
169
170
171
172
173
71
70
4
5
0
1
2
3
6
7
8
9
10
15
16
17
18
11
12
13
14
19
20
21
22
23
24
25
26
27
28
29
30
31
32
46
47
48
49
50
51
52
53
54
39
40
33
34
35
36
37
38
41
42
43
44
45
55
56
68
57
58
59
60
61
62
63
64
65
66
67
69
145
142
143
144
146
158
147
148
149
150
151
152
153
154
155
156
157
183
177
178
179
180
181
182
184
185
186
187
188
189
190
191
192
193
194
195
196
197
198
199
203
204
205
200
201
202
206
207
208
209
210
211
212
213
214
382
223
224
225
226
227
215
216
217
218
219
220
221
222
228
229
230
231
232
242
243
234
235
236
237
238
239
240
241
244
245
246
247
248
249
250
251
252
253
254
255
256
257
258
259
260
261
262
263
286
265
266
267
287
294
288
289
290
291
292
293
295
296
358
297
298
299
300
301
302
303
304
305
306
307
308
309
310
329
319
320
321
311
312
313
314
315
316
317
318
322
323
324
325
326
327
328
336
330
331
332
333
334
335
357
345
346
337
338
339
340
341
342
343
344
347
348
349
350
351
352
353
354
355
356
380
359
360
361
381
383
264
124
128
125
126
127
176
175
135
136
129
130
131
132
133
134
137
138
139
140
141
165
166
159
160
161
162
163
164
167
168
169
170
171
172
173
71
70
4
5
0
1
2
3
6
7
8
9
10
15
16
17
18
11
12
13
14
19
20
21
22
23
24
25
26
27
28
29
30
31
32
46
47
48
49
50
51
52
53
54
39
40
33
34
35
36
37
38
41
42
43
44
45
55
56
68
57
58
59
60
61
62
63
64
65
66
67
69
145
142
143
144
146
158
147
148
149
150
151
152
153
154
155
156
157
183
177
178
179
180
181
182
184
185
186
187
188
189
190
191
192
193
194
195
196
197
198
199
203
204
205
200
201
202
206
207
208
209
210
211
212
213
214
382
223
224
225
226
227
215
216
217
218
219
220
221
222
228
229
230
231
232
242
243
234
235
236
237
238
239
240
241
244
245
246
247
248
249
250
251
252
253
254
255
256
257
258
259
260
261
262
263
286
265
266
267
287
294
288
289
290
291
292
293
295
296
358
297
298
299
300
301
302
303
304
305
306
307
308
309
310
329
319
320
321
311
312
313
314
315
316
317
318
322
323
324
325
326
327
328
336
330
331
332
333
334
335
357
345
346
337
338
339
340
341
342
343
344
347
348
349
350
351
352
353
354
355
356
380
359
360
361
381
383
264
124
128
125
126
127
176
175
135
136
129
130
131
132
133
134
137
138
139
140
141
165
166
159
160
161
162
163
164
167
168
169
170
171
172
173
71
70
4
5
0
1
2
3
6
7
8
9
10
15
16
17
18
11
12
13
14
19
20
21
22
23
24
25
26
27
28
29
30
31
32
46
47
48
49
50
51
52
53
54
39
40
33
34
35
36
37
38
41
42
43
44
45
55
56
68
57
58
59
60
61
62
63
64
65
66
67
69
145
142
143
144
146
158
147
148
149
150
151
152
153
154
155
156
157
183
177
178
179
180
181
182
184
185
186
187
188
189
190
191
192
193
194
195
196
197
198
199
203
204
205
200
201
202
206
207
208
209
210
211
212
213
214
382
223
224
225
226
227
215
216
217
218
219
220
221
222
228
229
230
231
232
242
243
234
235
236
237
238
239
240
241
244
245
246
247
248
249
250
251
252
253
254
255
256
257
258
259
260
261
262
263
286
265
266
267
287
294
288
289
290
291
292
293
295
296
358
297
298
299
300
301
302
303
304
305
306
307
308
309
310
329
319
320
321
311
312
313
314
315
316
317
318
322
323
324
325
326
327
328
336
330
331
332
333
334
335
357
345
346
337
338
339
340
341
342
343
344
347
348
349
350
351
352
353
354
355
356
380
359
360
361
381
383
264
124
128
125
126
127
176
175
135
136
129
130
131
132
133
134
137
138
139
140
141
165
166
159
160
161
162
163
164
167
168
169
170
171
172
173
71
70
4
5
0
1
2
3
6
7
8
9
10
15
16
17
18
11
12
13
14
19
20
21
22
23
24
25
26
27
28
29
30
31
32
46
47
48
49
50
51
52
53
54
39
40
33
34
35
36
37
38
41
42
43
44
45
55
56
68
57
58
59
60
61
62
63
64
65
66
67
69
145
142
143
144
146
158
147
148
149
150
151
152
153
154
155
156
157
183
177
178
179
180
181
182
184
185
186
187
188
189
190
191
192
193
194
195
196
197
198
199
203
204
205
200
201
202
206
207
208
209
210
211
212
213
214
382
223
224
225
226
227
215
216
217
218
219
220
221
222
228
229
230
231
232
242
243
234
235
236
237
238
239
240
241
244
245
246
247
248
249
250
251
252
253
254
255
256
257
258
259
260
261
262
263
286
265
266
267
287
294
288
289
290
291
292
293
295
296
358
297
298
299
300
301
302
303
304
305
306
307
308
309
310
329
319
320
321
311
312
313
314
315
316
317
318
322
323
324
325
326
327
328
336
330
331
332
333
334
335
357
345
346
337
338
339
340
341
342
343
344
347
348
349
350
351
352
353
354
355
356
380
359
360
361
381
383
264
124
128
125
126
127
176
175
135
136
129
130
131
132
133
134
137
138
139
140
141
165
166
159
160
161
162
163
164
167
168
169
170
171
172
173
71
70
4
5
0
1
2
3
6
7
8
9
10
15
16
17
18
11
12
13
14
19
20
21
22
23
24
25
26
27
28
29
30
31
32
46
47
48
49
50
51
52
53
54
39
40
33
34
35
36
37
38
41
42
43
44
45
55
56
68
57
58
59
60
61
62
63
64
65
66
67
69
145
142
143
144
146
158
147
148
149
150
151
152
153
154
155
156
157
183
177
178
179
180
181
182
184
185
186
187
188
189
190
191
192
193
194
195
196
197
198
199
203
204
205
200
201
202
206
207
208
209
210
211
212
213
214
382
223
224
225
226
227
215
216
217
218
219
220
221
222
228
229
230
231
232
242
243
234
235
236
237
238
239
240
241
244
245
246
247
248
249
250
251
252
253
254
255
256
257
258
259
260
261
262
263
286
265
266
267
287
294
288
289
290
291
292
293
295
296
358
297
298
299
300
301
302
303
304
305
306
307
308
309
310
329
319
320
321
311
312
313
314
315
316
317
318
322
323
324
325
326
327
328
336
330
331
332
333
334
335
357
345
346
337
338
339
340
341
342
343
344
347
348
349
350
351
352
353
354
355
356
380
359
360
361
381
383
264
