92
0
1
2
3
4
5
6
7
8
9
10
11
12
13
14
15
16
17
18
19
20
22
21
36
23
24
25
26
27
28
29
30
31
32
33
34
35
50
37
38
39
40
41
42
43
44
45
46
47
48
49
51
90
76
77
78
79
80
62
63
64
65
66
57
58
59
60
61
67
68
69
70
71
72
73
74
75
81
82
83
84
85
86
87
88
89
52
53
54
55
56
91
973
967
968
969
970
966
706
707
708
702
703
704
705
709
710
711
712
713
737
738
739
733
734
735
736
740
741
742
743
744
865
866
861
862
863
864
867
868
869
870
871
908
964
909
910
911
912
913
914
915
916
917
918
919
926
927
928
929
930
931
932
933
934
951
935
936
937
938
939
940
941
942
943
944
945
946
947
948
949
950
963
952
953
954
955
956
957
958
959
960
961
962
965
972
971
920
921
922
923
924
925
93
99
94
95
96
97
98
294
295
296
297
298
299
306
300
301
302
303
304
305
307
333
308
309
310
339
334
335
336
337
338
351
340
341
342
343
344
345
346
347
348
349
350
367
352
353
354
355
356
357
358
359
360
361
362
363
364
365
366
368
636
369
370
371
393
380
381
382
383
384
385
386
387
372
373
374
375
376
377
378
379
388
389
390
391
392
631
394
395
396
635
632
633
634
655
637
638
639
640
641
642
643
644
645
646
647
648
649
650
651
652
653
654
672
656
657
658
659
660
661
662
663
664
665
666
667
668
669
670
671
689
673
674
675
676
677
678
679
680
681
682
683
684
685
686
687
688
701
690
691
692
693
694
695
696
697
698
699
700
115
100
101
102
103
104
105
106
107
108
109
110
111
112
113
114
229
293
230
231
232
233
234
92
0
1
2
3
4
5
6
7
8
9
10
11
12
13
14
15
16
17
18
19
20
22
21
36
23
24
25
26
27
28
29
30
31
32
33
34
35
50
37
38
39
40
41
42
43
44
45
46
47
48
49
51
90
76
77
78
79
80
62
63
64
65
66
57
58
59
60
61
67
68
69
70
71
72
73
74
75
81
82
83
84
85
86
87
88
89
52
53
54
55
56
91
973
967
968
969
970
966
706
707
708
702
703
704
705
709
710
711
712
713
737
738
739
733
734
735
736
740
741
742
743
744
865
866
861
862
863
864
867
868
869
870
871
908
964
909
910
911
912
913
914
915
916
917
918
919
926
927
928
929
930
931
932
933
934
951
935
936
937
938
939
940
941
942
943
944
945
946
947
948
949
950
963
952
953
954
955
956
957
958
959
960
961
962
965
972
971
920
921
922
923
924
925
93
99
94
95
96
97
98
294
295
296
297
298
299
306
300
301
302
303
304
305
307
333
308
309
310
339
334
335
336
337
338
351
340
341
342
343
344
345
346
347
348
349
350
367
352
353
354
355
356
357
358
359
360
361
362
363
364
365
366
368
636
369
370
371
393
380
381
382
383
384
385
386
387
372
373
374
375
376
377
378
379
388
389
390
391
392
631
394
395
396
635
632
633
634
655
637
638
639
640
641
642
643
644
645
646
647
648
649
650
651
652
653
654
672
656
657
658
659
660
661
662
663
664
665
666
667
668
669
670
671
689
673
674
675
676
677
678
679
680
681
682
683
684
685
686
687
688
701
690
691
692
693
694
695
696
697
698
699
700
115
100
101
102
103
104
105
106
107
108
109
110
111
112
113
114
229
293
230
231
232
233
234
92
0
1
2
3
4
5
6
7
8
9
10
11
12
13
14
15
16
17
18
19
92
0
1
2
3
4
5
6
7
8
9
10
11
12
13
14
15
16
17
18
19
92
0
1
2
3
4
5
6
7
8
9
10
11
12
13
14
15
16
17
18
19
20
22
21
36
23
24
25
26
27
28
29
30
31
32
33
34
35
50
37
38
39
40
41
42
43
44
45
46
47
48
49
51
90
76
77
78
79
80
62
63
64
65
66
57
58
59
60
61
67
68
69
70
71
72
73
74
75
81
82
83
84
85
86
87
88
89
52
53
54
55
56
91
92
0
1
2
92
3
4
0
1
2
5
6
7
8
9
10
3
4
11
12
13
5
6
7
8
9
10
14
15
16
17
18
19
11
12
13
14
15
16
17
18
19
92
0
1
2
3
4
5
6
7
8
9
10
11
12
13
14
15
16
17
18
19
92
0
1
2
3
4
5
6
7
8
9
10
11
12
13
14
15
16
17
18
19
92
0
1
2
3
4
5
6
7
8
9
10
11
12
13
14
15
16
17
18
19
973
967
968
969
1053
987
974
975
976
977
978
979
980
981
982
983
984
985
986
1034
988
989
990
991
992
993
1025
1026
1027
1028
1029
1030
1031
1032
1033
1057
1054
1055
1056
92
0
1
2
3
4
5
6
7
8
9
10
11
12
13
14
15
16
17
18
19
973
967
968
969
1053
987
974
975
976
977
978
979
980
981
982
983
984
985
986
1034
988
989
990
991
992
993
1025
1026
1027
1028
1029
1030
1031
1032
1033
1057
1054
1055
1056
92
0
1
2
3
4
5
6
7
8
9
10
11
12
13
14
15
16
17
18
19
92
0
1
2
3
4
5
6
7
8
9
10
11
12
13
14
15
16
17
18
19
92
0
1
2
3
4
5
6
7
8
9
10
11
12
13
14
15
16
17
18
19
92
0
1
2
3
4
5
6
7
8
9
10
11
12
13
14
15
16
17
18
19
92
92
0
1
2
0
1
2
3
4
3
4
5
6
7
8
9
10
5
6
7
8
9
10
11
12
13
11
12
13
14
15
16
17
18
19
14
15
16
17
18
19
92
0
1
2
3
4
5
6
7
8
9
10
11
12
13
14
15
16
17
18
19
92
0
1
2
3
4
5
6
7
8
9
10
11
12
13
14
15
16
17
18
19
92
0
1
2
3
4
5
6
7
8
9
10
11
12
13
14
15
16
17
18
19
92
0
1
2
3
4
5
6
7
8
9
10
11
12
13
14
15
16
17
18
19
92
0
1
2
92
3
4
0
1
2
5
6
7
8
9
10
92
3
4
11
12
13
92
0
1
2
5
6
7
8
9
10
14
15
16
17
18
19
92
3
4
11
12
13
0
1
2
5
6
7
8
9
10
0
1
2
14
15
16
17
18
19
3
4
11
12
13
3
4
5
6
7
8
9
10
14
15
16
17
18
19
5
6
7
8
9
10
11
12
13
11
12
13
14
15
16
17
18
19
14
15
16
17
18
19
92
0
1
2
3
4
5
6
7
8
9
10
11
12
13
14
15
16
17
18
19
973
967
968
969
1053
987
974
975
976
977
978
979
980
981
982
983
984
985
986
1034
988
989
990
991
992
993
1025
1026
1027
1028
1029
1030
1031
1032
1033
1057
1054
1055
1056
92
0
1
2
3
4
5
6
7
8
9
10
11
12
13
14
15
16
17
18
19
973
967
968
969
1053
987
974
975
976
977
978
979
980
981
982
983
984
985
986
1034
988
989
990
991
992
993
1025
1026
1027
1028
1029
1030
1031
1032
1033
1057
1054
1055
1056
973
967
968
969
1053
987
974
975
976
977
978
979
980
981
982
983
984
985
986
1034
988
989
990
991
992
993
1025
1026
1027
1028
1029
1030
1031
1032
1033
1057
1054
1055
1056
973
967
968
969
1053
987
974
975
976
977
978
979
980
981
982
983
984
985
986
1034
988
989
990
991
992
993
1025
1026
1027
1028
1029
1030
1031
1032
1033
1057
1054
1055
1056
92
0
1
2
3
4
5
6
7
8
9
10
11
12
13
14
15
16
17
18
19
92
0
1
2
3
4
5
6
7
8
9
10
11
12
13
14
15
16
17
18
19
973
967
968
969
1053
987
974
975
976
977
978
979
980
981
982
983
984
985
986
1034
988
989
990
991
992
993
1025
1026
1027
1028
1029
1030
1031
1032
1033
1057
1054
1055
1056
92
0
1
2
3
4
5
6
7
8
9
10
11
12
13
14
15
16
17
18
19
973
967
968
969
1053
987
974
975
976
977
978
979
980
981
982
983
984
985
986
973
1034
967
968
969
988
989
990
991
992
993
1053
1025
1026
1027
987
1028
1029
1030
1031
1032
1033
974
975
976
1057
1054
1055
1056
977
978
979
980
981
982
983
984
985
986
1034
988
989
990
991
992
993
1025
1026
1027
1028
1029
1030
1031
1032
1033
1057
1054
1055
1056
973
967
968
969
1053
987
974
975
976
977
978
979
980
981
982
983
984
985
986
1034
988
989
990
991
992
993
1025
1026
1027
1028
1029
1030
1031
1032
1033
1057
1054
1055
1056
973
967
968
969
1053
987
974
975
976
977
978
979
980
981
982
983
984
985
986
1034
988
989
990
991
992
993
1025
1026
1027
1028
1029
1030
1031
1032
1033
1057
1054
1055
1056
973
967
968
969
1053
987
974
975
976
977
978
979
980
981
982
983
984
985
986
1034
988
989
990
991
992
993
1025
1026
1027
1028
1029
1030
1031
1032
1033
1057
1054
1055
1056
973
967
968
969
1053
987
974
975
976
977
978
979
980
981
982
983
984
985
986
1034
988
989
990
991
992
993
1025
1026
1027
1028
1029
1030
1031
1032
1033
1057
1054
1055
1056
973
967
968
969
1053
987
974
975
976
977
978
979
980
981
982
983
984
985
986
1034
988
989
990
991
992
993
1025
1026
1027
1028
1029
1030
1031
1032
1033
1057
1054
1055
1056
92
0
1
2
3
4
5
6
7
8
9
10
11
12
13
14
15
16
17
18
19
92
0
1
2
3
4
5
6
7
8
9
10
11
12
13
14
15
16
17
18
19
92
0
1
2
3
4
5
6
7
8
9
10
11
12
13
14
15
16
17
18
19
92
0
1
2
3
4
5
6
7
8
9
10
11
12
13
14
15
16
17
18
19
92
0
1
2
3
4
5
6
7
8
9
10
11
12
13
14
15
16
17
18
19
92
0
1
2
3
4
5
6
7
8
9
10
11
12
13
14
15
16
17
18
19
92
92
0
1
2
3
4
0
1
2
5
6
7
8
9
10
3
4
11
12
13
5
6
7
8
9
10
14
15
16
17
18
19
11
12
13
14
15
16
17
18
19
92
0
1
2
3
4
5
6
7
8
9
10
11
12
13
14
15
16
17
18
19
92
0
1
2
3
4
5
6
7
8
9
10
11
12
13
14
15
16
17
18
19
92
0
1
2
3
4
5
6
7
8
9
10
11
12
13
14
15
16
17
18
19
92
0
1
2
3
4
5
6
7
8
9
10
11
12
13
14
15
16
17
18
19
92
0
1
2
3
4
5
6
7
8
9
10
11
12
13
14
15
16
17
18
19
92
0
1
2
92
3
4
0
1
2
5
6
7
8
9
10
92
11
12
13
3
4
92
14
15
16
17
18
19
5
6
7
8
9
10
0
1
2
92
0
1
2
11
12
13
3
4
0
1
2
3
4
14
15
16
17
18
19
5
6
7
8
9
10
3
4
5
6
7
8
9
10
11
12
13
5
6
7
8
9
10
11
12
13
14
15
16
17
18
19
11
12
13
14
15
16
17
18
19
14
15
16
17
18
19
92
0
1
2
3
4
5
6
7
8
9
10
11
12
13
14
15
16
17
18
19
92
0
1
2
3
4
5
6
7
8
9
10
11
12
13
14
15
16
17
18
19
92
0
1
2
3
4
5
6
7
8
9
10
11
12
13
14
15
16
17
18
19
92
0
1
2
3
4
5
6
7
8
9
10
11
12
13
14
15
16
17
18
19
92
0
1
2
3
4
5
6
7
8
9
10
11
12
13
14
15
16
17
18
19
92
0
1
2
3
4
5
6
7
8
9
10
11
12
13
14
15
16
17
18
19
92
0
1
2
3
4
5
6
7
8
9
10
11
12
13
14
15
16
17
18
19
92
0
1
2
3
4
5
6
7
8
9
10
11
12
13
973
14
15
16
17
18
19
967
968
969
1053
987
974
975
976
977
978
979
980
981
982
983
984
985
986
1034
988
989
990
991
992
993
1025
1026
1027
1028
1029
1030
1031
1032
1033
1057
1054
1055
1056
92
0
1
2
3
4
5
6
7
8
9
10
11
12
13
14
15
16
17
18
19
973
967
968
969
1053
987
974
975
976
977
978
979
980
981
982
983
984
985
986
1034
988
989
990
991
992
993
1025
1026
1027
1028
1029
1030
1031
1032
1033
1057
1054
1055
1056
973
967
968
969
1053
987
974
975
976
977
978
979
980
981
982
983
984
985
986
1034
988
989
990
991
992
993
1025
1026
1027
1028
1029
1030
1031
1032
1033
1057
1054
1055
1056
92
0
1
2
3
4
5
6
7
8
9
10
11
12
13
14
15
16
17
18
19
973
967
968
969
1053
987
974
975
976
977
978
979
980
981
982
983
984
985
986
1034
988
989
990
991
992
993
1025
1026
1027
1028
1029
1030
1031
1032
1033
1057
1054
1055
1056
973
967
968
969
1053
987
974
975
976
977
978
979
980
981
982
983
984
985
986
1034
988
989
990
991
992
993
1025
1026
1027
1028
1029
1030
1031
1032
1033
1057
1054
1055
1056
973
967
968
969
1053
987
974
975
976
977
978
979
980
981
982
983
984
985
986
1034
988
989
990
991
992
993
1025
1026
1027
1028
1029
1030
1031
1032
1033
1057
1054
1055
1056
973
967
968
969
1053
987
974
975
976
977
978
979
980
981
982
983
984
985
986
1034
988
989
990
991
992
993
1025
1026
1027
1028
1029
1030
1031
1032
1033
1057
1054
1055
1056
973
967
968
969
1053
987
974
975
976
977
978
979
980
981
982
983
984
985
986
1034
988
989
990
991
992
993
1025
1026
1027
1028
1029
1030
1031
1032
1033
1057
1054
1055
1056
973
967
968
969
1053
987
974
975
976
977
978
979
980
981
982
983
984
985
986
1034
988
989
990
991
992
993
1025
1026
1027
1028
1029
1030
1031
1032
1033
1057
1054
1055
1056
973
967
968
969
1053
987
974
975
976
977
978
979
980
981
982
983
984
985
986
1034
988
989
990
991
992
993
1025
1026
1027
1028
1029
1030
1031
1032
1033
1057
1054
1055
1056
973
967
968
969
1053
987
974
975
976
977
978
979
980
981
982
983
984
985
986
1034
988
989
990
991
992
993
1025
1026
1027
1028
1029
1030
1031
1032
1033
1057
973
1054
1055
1056
967
968
969
1053
987
974
975
976
977
978
979
980
981
982
983
984
985
986
1034
988
989
990
991
992
993
1025
1026
1027
1028
1029
1030
1031
1032
1033
1057
1054
1055
1056
973
967
968
969
1053
987
974
975
976
977
978
979
980
981
982
983
984
985
986
1034
988
989
990
991
992
993
1025
1026
1027
1028
1029
1030
1031
1032
1033
1057
1054
1055
1056
973
967
968
969
1053
987
974
975
976
977
978
979
980
981
982
983
984
985
986
1034
988
989
990
991
992
993
1025
1026
1027
1028
1029
1030
1031
1032
1033
1057
1054
1055
1056
973
967
968
969
1053
987
974
975
976
977
978
979
980
981
982
983
984
985
986
1034
988
989
990
991
992
993
1025
1026
1027
1028
1029
1030
1031
1032
1033
1057
1054
1055
1056
973
967
968
969
1053
987
974
975
976
977
978
979
980
981
982
983
984
985
986
1034
988
989
990
991
992
993
1025
1026
1027
1028
1029
1030
1031
1032
1033
1057
1054
1055
1056
973
967
968
969
1053
987
974
975
976
977
978
979
980
981
982
983
984
985
986
1034
988
989
990
991
992
993
1025
1026
1027
1028
1029
1030
1031
1032
1033
1057
1054
1055
1056
973
967
968
969
1053
987
974
975
976
977
978
979
980
981
982
983
984
985
986
1034
988
989
990
991
992
993
1025
1026
1027
1028
1029
1030
1031
1032
1033
1057
1054
1055
1056
973
967
968
969
1053
987
974
975
976
977
978
979
980
981
982
983
984
985
986
1034
988
989
990
991
992
993
1025
1026
1027
1028
1029
1030
1031
1032
1033
1057
1054
1055
1056
92
0
1
2
3
4
5
6
7
8
9
10
11
12
13
14
15
16
17
18
19
92
0
1
2
3
4
5
6
7
8
9
10
11
12
13
14
15
16
17
18
19
92
0
1
2
3
4
5
6
7
8
9
10
11
12
13
14
15
16
17
18
19
92
0
1
2
3
4
5
6
7
8
9
10
11
12
13
14
15
16
17
18
19
92
92
92
92
0
1
2
0
1
2
92
0
1
2
0
1
2
3
4
3
4
3
4
3
4
0
1
2
5
6
7
8
9
10
5
6
7
8
9
10
5
6
7
8
9
10
5
6
7
8
9
10
3
4
11
12
13
11
12
13
11
12
13
11
12
13
5
6
7
8
9
10
14
15
16
17
18
19
14
15
16
17
18
19
14
15
16
17
18
19
14
15
16
17
18
19
11
12
13
14
15
16
17
18
19
92
0
1
2
3
4
5
6
7
8
9
10
11
12
13
14
15
16
17
18
19
92
0
1
2
3
4
92
5
6
7
8
9
10
0
1
2
11
12
13
3
4
14
15
16
17
18
19
5
6
7
8
9
10
11
12
13
14
15
16
17
18
19
973
967
968
969
1053
987
974
975
976
977
978
979
980
981
982
983
984
985
986
1034
988
989
990
991
992
993
1025
1026
1027
1028
1029
1030
1031
1032
1033
1057
1054
1055
1056
973
967
968
969
1053
987
974
975
976
977
978
979
980
981
982
983
984
985
986
1034
988
989
990
991
992
993
1025
1026
1027
1028
1029
1030
1031
1032
1033
1057
1054
1055
1056
973
967
968
969
1053
987
974
975
976
977
978
979
980
981
982
983
984
985
986
1034
988
989
990
991
992
993
1025
1026
1027
1028
1029
1030
1031
1032
1033
1057
1054
1055
1056
973
967
968
969
1053
987
974
975
976
977
978
979
980
981
982
983
984
985
986
1034
988
989
990
991
992
993
1025
1026
1027
1028
1029
1030
1031
1032
1033
1057
1054
1055
1056
973
967
968
969
1053
987
974
975
976
977
978
979
980
981
982
983
984
985
986
1034
988
989
990
991
992
993
1025
1026
1027
1028
1029
1030
1031
1032
1033
1057
1054
1055
1056
973
967
968
969
1053
987
974
975
976
977
978
979
980
981
982
983
984
985
986
1034
988
989
990
991
992
993
1025
1026
1027
1028
1029
1030
1031
1032
1033
1057
1054
1055
1056
92
0
1
2
3
4
5
6
7
8
9
10
11
12
13
14
15
16
17
18
19
92
92
92
0
1
2
0
1
2
0
1
2
3
4
3
4
3
4
5
6
7
8
9
10
5
6
7
8
9
10
5
6
7
8
9
10
11
12
13
11
12
13
11
12
13
14
15
16
17
18
19
14
15
16
17
18
19
14
15
16
17
18
19
92
0
1
2
3
4
5
6
7
8
9
10
11
12
13
14
15
16
17
18
19
973
967
968
969
1053
987
974
975
976
977
978
979
980
981
982
983
984
985
986
1034
988
989
990
991
992
993
1025
1026
1027
973
967
968
969
1053
987
973
974
975
976
967
968
969
977
978
979
980
981
982
983
984
985
986
1053
1034
987
988
989
990
991
992
993
974
975
976
1025
1026
1027
977
978
979
980
981
982
983
984
985
986
1028
1029
1030
1031
1032
1033
1034
1057
988
989
990
991
992
993
1054
1055
1056
1025
1026
1027
1028
1029
1030
1031
1032
1033
1057
1054
1055
1056
1028
1029
1030
1031
1032
1033
1057
1054
1055
1056
973
967
968
969
1053
987
974
975
976
977
978
979
980
981
982
983
984
985
986
1034
988
989
990
991
992
993
1025
1026
1027
1028
1029
1030
1031
1032
1033
1057
1054
1055
1056
973
967
968
969
1053
987
974
975
976
977
978
979
980
981
982
983
984
985
986
1034
988
989
990
991
992
993
1025
1026
1027
1028
1029
1030
1031
1032
1033
1057
1054
1055
1056
92
92
92
0
1
2
0
1
2
0
1
2
3
4
3
4
3
4
5
6
7
8
9
10
5
6
7
8
9
10
5
6
7
8
9
10
11
12
13
11
12
13
11
12
13
14
15
16
17
18
19
14
15
16
17
18
19
14
15
16
17
18
19
92
0
1
2
3
4
5
6
7
8
9
10
11
12
13
14
15
16
17
18
19
92
0
1
2
3
4
5
6
7
8
9
10
11
12
13
14
15
16
17
18
19
92
0
1
2
3
4
5
6
7
8
9
10
11
12
13
14
15
16
17
18
19
973
967
968
969
1053
987
974
975
976
977
978
979
980
981
982
983
984
985
986
1034
988
989
990
991
992
993
1025
1026
1027
1028
1029
1030
1031
1032
1033
1057
1054
1055
1056
973
967
968
969
1053
987
974
975
976
977
978
979
980
981
982
983
984
985
986
1034
988
989
990
991
992
993
1025
1026
1027
1028
1029
1030
1031
1032
1033
1057
1054
1055
1056
92
0
1
2
3
4
5
6
7
8
9
10
11
12
13
14
15
16
17
18
19
973
967
968
969
1053
987
974
975
976
977
978
979
980
981
982
983
984
985
986
1034
988
989
990
991
992
993
1025
1026
1027
1028
1029
1030
1031
1032
1033
1057
1054
1055
1056
973
967
968
969
1053
987
974
975
976
977
978
979
980
981
982
983
984
985
986
1034
988
989
990
991
992
993
1025
1026
1027
1028
1029
1030
1031
1032
1033
1057
1054
1055
1056
973
967
968
969
1053
987
974
975
976
977
978
979
980
981
982
983
984
985
986
1034
988
989
990
991
992
993
1025
1026
1027
1028
1029
1030
1031
1032
1033
1057
1054
1055
1056
973
967
968
969
1053
987
974
975
976
977
978
979
980
981
982
983
984
985
986
1034
988
989
990
991
992
993
1025
1026
1027
1028
1029
1030
1031
1032
1033
1057
1054
1055
1056
92
0
1
2
3
4
5
6
7
8
9
10
11
12
13
14
15
16
17
18
19
92
0
1
2
3
4
5
6
7
8
9
10
11
12
13
14
15
16
17
18
19
92
92
0
1
2
0
1
2
3
4
3
4
5
6
7
8
9
10
5
6
7
8
9
10
11
12
13
11
12
13
14
15
16
17
18
19
14
15
16
17
18
19
92
0
1
2
3
4
5
6
7
8
9
10
11
12
13
14
15
16
17
18
19
973
967
968
969
1053
987
974
975
976
977
978
979
980
981
982
983
984
985
986
1034
988
989
990
991
992
993
1025
1026
1027
1028
1029
1030
1031
1032
1033
1057
1054
1055
1056
973
967
968
969
1053
987
974
975
976
977
978
979
980
981
982
983
984
985
986
1034
988
989
990
991
992
993
1025
1026
1027
1028
1029
1030
1031
1032
1033
1057
1054
1055
1056
973
967
968
969
1053
987
974
975
976
977
978
979
980
981
982
983
984
985
986
1034
988
989
990
991
992
993
1025
1026
1027
1028
1029
1030
1031
1032
1033
1057
1054
1055
1056
973
967
968
969
1053
987
974
975
976
977
978
979
980
981
982
983
984
985
986
1034
988
989
990
991
992
993
1025
1026
1027
1028
1029
1030
1031
1032
1033
1057
1054
1055
1056
973
967
968
969
1053
987
974
975
976
977
978
979
980
981
982
983
984
985
986
1034
988
989
990
991
992
993
1025
1026
1027
1028
1029
1030
1031
1032
1033
1057
1054
1055
1056
966
706
707
708
702
703
704
705
709
710
711
712
713
737
738
739
733
734
735
736
740
741
742
743
744
865
866
861
862
863
864
867
868
869
870
871
908
964
909
910
911
912
913
914
915
916
917
918
919
926
927
928
929
930
931
932
933
934
951
935
936
937
938
939
940
941
942
943
944
945
946
947
948
949
950
963
952
953
954
955
956
957
958
959
960
961
962
965
920
921
922
923
924
925
875
872
873
874
876
893
877
878
879
880
881
882
883
884
885
886
887
888
889
890
891
892
905
894
895
896
897
898
899
900
901
902
903
904
906
907
714
732
715
716
717
718
719
720
721
722
723
724
725
726
727
728
729
730
731
92
0
1
2
3
4
5
6
7
8
9
10
11
12
13
14
15
16
17
18
19
92
0
1
2
3
4
5
6
7
8
9
10
11
12
13
14
15
16
17
18
19
92
0
1
2
3
4
5
6
7
8
9
10
11
12
13
14
15
16
17
18
19
92
0
1
2
3
4
5
6
7
8
9
10
11
12
13
14
15
16
17
18
19
92
0
1
2
3
4
5
6
7
8
9
10
11
12
13
14
15
16
17
18
19
92
0
1
2
3
4
5
6
7
8
9
10
11
12
13
14
15
16
17
18
19
92
92
92
92
0
1
2
0
1
2
0
1
2
0
1
2
3
4
3
4
3
4
3
4
92
5
6
7
8
9
10
5
6
7
8
9
10
5
6
7
8
9
10
5
6
7
8
9
10
11
12
13
11
12
13
0
1
2
11
12
13
11
12
13
92
14
15
16
17
18
19
14
15
16
17
18
19
92
3
4
14
15
16
17
18
19
14
15
16
17
18
19
0
1
2
92
5
6
7
8
9
10
0
1
2
3
4
3
4
11
12
13
0
1
2
5
6
7
8
9
10
5
6
7
8
9
10
14
15
16
17
18
19
3
4
11
12
13
11
12
13
5
6
7
8
9
10
14
15
16
17
18
19
14
15
16
17
18
19
11
12
13
14
15
16
17
18
19
92
0
1
2
3
4
5
6
7
8
9
10
11
12
13
14
15
16
17
18
19
92
0
1
2
3
4
5
6
7
8
9
10
11
12
13
14
15
16
17
18
19
973
967
968
969
1053
987
974
975
976
977
978
979
980
981
982
983
984
985
986
1034
988
989
990
991
992
993
1025
1026
1027
1028
1029
1030
1031
1032
1033
1057
1054
1055
1056
973
967
968
969
1053
987
974
975
976
977
978
979
980
981
982
983
984
985
986
1034
988
989
990
991
992
993
1025
1026
1027
1028
1029
1030
1031
1032
1033
1057
1054
1055
1056
973
967
968
969
1053
987
974
975
976
977
978
979
980
981
982
983
984
985
986
1034
988
989
990
991
992
993
1025
1026
1027
1028
1029
1030
1031
1032
1033
1057
1054
1055
1056
973
967
968
969
1053
987
974
975
976
977
978
979
980
981
982
983
984
985
986
1034
988
989
990
991
992
993
1025
1026
1027
1028
1029
1030
1031
1032
1033
1057
1054
1055
1056
973
967
968
969
1053
987
974
975
976
977
978
979
980
981
982
983
984
985
986
1034
988
989
990
991
992
993
1025
1026
1027
1028
1029
1030
1031
1032
1033
1057
1054
1055
1056
973
967
968
969
1053
987
974
975
976
977
978
979
980
981
982
983
984
985
986
1034
988
989
990
991
992
993
1025
1026
1027
1028
1029
1030
1031
1032
1033
1057
1054
1055
1056
973
967
968
969
1053
987
974
975
976
977
978
979
980
981
982
983
984
985
986
1034
988
989
990
991
992
993
1025
1026
1027
1028
1029
1030
1031
1032
1033
1057
973
1054
1055
1056
967
968
969
1053
987
974
975
976
977
978
979
980
981
982
983
984
985
986
1034
988
989
990
991
992
993
1025
1026
1027
1028
1029
1030
1031
1032
1033
1057
1054
1055
1056
973
967
968
969
1053
987
974
975
976
977
978
979
980
981
982
983
984
985
986
1034
988
989
990
991
992
993
1025
1026
1027
1028
1029
1030
1031
1032
1033
1057
1054
1055
1056
973
967
968
969
1053
987
974
975
976
977
978
979
980
981
982
983
984
985
986
1034
988
989
990
991
992
993
1025
1026
1027
1028
1029
1030
1031
1032
1033
1057
1054
1055
1056
973
967
968
969
1053
987
974
975
976
977
978
979
980
981
982
983
984
985
986
1034
988
989
990
991
992
993
1025
1026
1027
1028
1029
1030
1031
1032
1033
1057
1054
1055
1056
92
92
0
1
2
0
1
2
3
4
5
6
7
8
9
10
3
4
11
12
13
5
6
7
8
9
10
14
15
16
17
18
19
11
12
13
14
15
16
17
18
19
92
0
1
2
3
4
5
6
7
8
9
10
11
12
13
14
15
16
17
18
19
92
0
1
2
3
4
5
6
7
8
9
10
11
12
13
14
15
16
17
18
19
92
0
1
2
3
4
5
6
7
8
9
10
11
12
13
14
15
16
17
18
19
973
967
968
969
1053
987
974
975
976
977
978
979
980
981
982
983
984
985
986
1034
988
989
990
991
992
993
1025
1026
1027
1028
1029
1030
1031
1032
1033
1057
1054
1055
1056
92
92
0
1
2
0
1
2
3
4
3
4
5
6
7
8
9
10
5
6
7
8
9
10
11
12
13
11
12
13
14
15
16
17
18
19
14
15
16
17
18
19
92
92
92
92
0
1
2
0
1
2
0
1
2
3
4
0
1
2
3
4
3
4
5
6
7
8
9
10
3
4
5
6
7
8
9
10
5
6
7
8
9
10
11
12
13
5
6
7
8
9
10
11
12
13
11
12
13
92
14
15
16
17
18
19
11
12
13
14
15
16
17
18
19
14
15
16
17
18
19
14
15
16
17
18
19
0
1
2
3
4
5
6
7
8
9
10
11
12
13
14
15
16
17
18
19
92
0
1
2
3
4
5
6
7
8
9
10
11
12
13
14
15
16
17
18
19
92
0
1
2
3
4
5
6
7
8
9
10
11
12
13
14
15
16
17
18
19
92
92
0
1
2
0
1
2
3
4
3
4
5
6
7
8
9
10
5
6
7
8
9
10
11
12
13
11
12
13
14
15
16
17
18
19
14
15
16
17
18
19
92
0
1
2
3
4
5
6
7
8
9
10
11
12
13
14
15
16
17
18
19
92
0
1
2
92
3
4
0
1
2
5
6
7
8
9
10
3
4
11
12
13
92
5
6
7
8
9
10
14
15
16
17
18
19
11
12
13
0
1
2
14
15
16
17
18
19
3
4
5
6
7
8
9
10
11
12
13
14
15
16
17
18
19
92
0
1
2
3
4
5
6
7
8
9
10
11
12
13
14
15
16
17
18
19
92
0
1
2
3
4
5
6
7
8
9
10
11
12
13
14
15
16
17
18
19
92
0
1
2
3
4
5
6
7
8
9
10
11
12
13
14
15
16
17
18
19
92
0
1
2
3
4
5
6
7
8
9
10
11
12
13
14
15
16
17
18
19
92
0
1
2
3
4
5
6
7
8
9
10
11
12
13
14
15
16
17
18
19
973
967
968
969
1053
987
973
967
968
969
974
975
976
1053
977
978
979
980
981
982
983
984
985
986
987
1034
988
989
990
991
992
993
974
975
976
1025
1026
1027
977
978
979
980
981
982
983
984
985
986
1028
1029
1030
1031
1032
1033
1034
1057
988
989
990
991
992
993
1054
1055
1056
1025
1026
1027
1028
1029
1030
1031
1032
1033
973
1057
967
968
969
1054
1055
1056
1053
987
974
975
976
977
978
979
980
981
982
983
984
985
986
1034
988
989
990
991
992
993
1025
1026
1027
1028
1029
1030
1031
1032
1033
1057
1054
1055
1056
973
967
968
969
1053
987
974
975
976
977
978
979
980
981
982
983
984
985
986
1034
988
989
990
991
992
993
1025
1026
1027
1028
1029
1030
1031
1032
1033
1057
1054
1055
1056
973
967
968
969
1053
987
974
975
976
977
978
979
980
981
982
983
984
985
986
1034
988
989
990
991
992
993
1025
1026
1027
1028
1029
1030
1031
1032
1033
1057
1054
1055
1056
973
967
968
969
1053
987
974
975
976
977
978
979
980
981
982
983
984
985
986
1034
988
989
990
991
992
993
1025
1026
1027
1028
1029
1030
1031
1032
1033
1057
1054
1055
1056
973
967
968
969
1053
987
974
975
976
977
978
979
980
981
982
983
984
985
986
973
1034
967
968
969
988
989
990
991
992
993
1053
1025
1026
1027
987
1028
1029
1030
1031
1032
1033
1057
974
975
976
1054
1055
1056
977
978
979
980
981
982
983
984
985
986
1034
988
989
990
991
992
993
1025
1026
1027
973
1028
1029
1030
1031
1032
1033
967
968
969
1057
1053
1054
1055
1056
987
974
975
976
977
978
979
980
981
982
983
984
985
986
1034
988
989
990
991
992
993
1025
1026
1027
1028
1029
1030
1031
1032
1033
1057
1054
1055
1056
973
967
968
969
1053
987
974
975
976
977
978
979
980
981
982
983
984
985
986
973
1034
967
968
969
988
989
990
991
992
993
1053
1025
1026
1027
987
1028
1029
1030
1031
1032
1033
973
1057
974
975
976
967
968
969
1054
1055
1056
977
978
979
980
981
982
983
984
985
986
1053
1034
987
988
989
990
991
992
993
974
975
976
1025
1026
1027
977
978
979
980
981
982
983
984
985
986
1028
1029
1030
1031
1032
1033
1034
1057
988
989
990
991
992
993
1054
1055
1056
1025
1026
1027
1028
1029
1030
1031
1032
1033
1057
1054
1055
1056
973
967
968
969
1053
987
974
975
976
977
978
979
980
981
982
983
984
985
986
1034
988
989
990
991
992
993
1025
1026
1027
1028
1029
1030
1031
1032
1033
1057
1054
1055
1056
973
967
968
969
1053
987
974
975
976
977
978
979
980
981
982
983
984
985
986
1034
988
989
990
991
992
993
1025
1026
1027
1028
1029
1030
1031
1032
1033
1057
1054
1055
1056
973
967
968
969
1053
987
974
975
976
977
978
979
980
981
982
983
984
985
986
1034
988
989
990
991
992
993
1025
1026
1027
1028
1029
1030
1031
1032
1033
1057
1054
1055
1056
973
967
968
969
1053
987
974
975
976
977
978
979
980
981
982
983
984
985
986
1034
988
989
990
991
992
993
1025
1026
1027
1028
1029
1030
1031
1032
1033
1057
1054
1055
1056
92
0
1
2
3
4
5
6
7
8
9
10
11
12
13
14
15
16
17
18
19
973
967
968
969
1053
987
974
975
976
977
978
979
980
981
982
983
984
985
986
1034
988
989
990
991
992
993
1025
1026
1027
1028
1029
1030
1031
1032
1033
1057
1054
1055
1056
973
967
968
969
1053
987
974
975
976
977
978
979
980
981
982
983
984
985
986
1034
988
989
990
991
992
993
1025
1026
1027
1028
1029
1030
1031
1032
1033
1057
1054
1055
1056
92
0
1
2
3
4
5
6
7
8
9
10
11
12
13
14
15
16
17
18
19
92
0
1
2
3
4
5
6
7
8
9
10
11
12
13
14
15
16
17
18
19
973
967
968
969
1053
987
974
975
976
977
978
979
980
981
982
983
984
985
986
1034
988
989
990
991
992
993
1025
1026
1027
1028
1029
1030
1031
1032
1033
1057
1054
1055
1056
92
92
0
1
2
0
1
2
3
4
3
4
5
6
7
8
9
10
5
6
7
8
9
10
11
12
13
11
12
13
14
15
16
17
18
19
14
15
16
17
18
19
92
92
0
1
2
0
1
2
3
4
3
4
5
6
7
8
9
10
5
6
7
8
9
10
11
12
13
11
12
13
14
15
16
17
18
19
14
15
16
17
18
19
92
0
1
2
3
4
5
6
7
8
9
10
11
12
13
14
15
16
17
18
19
92
0
1
2
3
4
5
6
7
8
9
10
11
12
13
14
15
16
17
18
19
92
0
1
2
3
4
5
6
7
8
9
10
11
12
13
14
15
16
17
18
19
92
0
1
2
3
4
5
6
7
8
9
10
11
12
13
14
15
16
17
18
19
92
92
0
1
2
0
1
2
3
4
3
4
5
6
7
8
9
10
5
6
7
8
9
10
11
12
13
11
12
13
14
15
16
17
18
19
14
15
16
17
18
19
92
0
1
2
3
4
5
6
7
8
9
10
11
12
13
14
15
16
17
18
19
92
92
0
1
2
0
1
2
3
4
3
4
5
6
7
8
9
10
5
6
7
8
9
10
11
12
13
11
12
13
14
15
16
17
18
19
14
15
16
17
18
19
92
0
1
2
3
4
5
6
7
8
9
10
11
12
13
14
15
16
17
18
19
92
0
1
2
3
4
5
6
7
8
9
10
11
12
13
14
15
16
17
18
19
92
0
1
2
3
4
5
6
7
8
9
10
11
12
13
14
15
16
17
18
19
92
0
1
2
3
4
5
6
7
8
9
10
11
12
13
14
15
16
17
18
19
92
0
1
2
3
4
5
6
7
8
9
10
11
12
13
14
15
16
17
18
19
92
92
0
1
2
0
1
2
3
4
3
4
92
5
6
7
8
9
10
5
6
7
8
9
10
92
11
12
13
0
1
2
11
12
13
14
15
16
17
18
19
3
4
0
1
2
14
15
16
17
18
19
5
6
7
8
9
10
3
4
11
12
13
5
6
7
8
9
10
14
15
16
17
18
19
11
12
13
14
15
16
17
18
19
92
0
1
2
3
4
5
6
7
8
9
10
11
12
13
14
15
16
17
18
19
92
0
1
2
3
4
5
6
7
8
9
10
11
12
13
14
15
16
17
18
19
92
0
1
2
3
4
5
6
7
8
9
10
11
12
13
14
15
16
17
18
19
92
0
1
2
3
4
5
6
7
8
9
10
11
12
13
14
15
16
17
18
19
92
0
1
2
3
4
5
6
7
8
9
10
11
12
13
14
15
16
17
18
19
92
0
1
2
3
4
5
6
7
8
9
10
11
12
13
14
15
16
17
18
19
92
0
1
2
3
4
5
6
7
8
9
10
11
12
13
14
15
16
17
18
19
973
967
968
969
1053
987
974
975
976
92
977
978
979
980
981
982
983
984
985
986
1034
0
1
2
988
989
990
991
992
993
3
4
1025
1026
1027
5
6
7
8
9
10
1028
1029
1030
1031
1032
1033
11
12
13
1057
14
15
16
17
18
19
1054
1055
1056
973
967
968
969
1053
987
974
975
976
977
978
979
980
981
982
983
984
985
986
1034
988
989
990
991
992
993
1025
1026
1027
1028
1029
1030
1031
1032
1033
1057
1054
1055
1056
92
0
1
2
3
4
5
6
7
8
9
10
11
12
13
14
15
16
17
18
19
92
0
1
2
3
4
5
6
7
8
9
10
11
12
13
14
15
16
17
18
19
92
0
1
2
3
4
5
6
7
8
9
10
11
12
13
14
15
16
17
18
19
973
967
968
969
1053
987
974
975
976
977
978
979
980
981
982
983
984
985
986
1034
988
989
990
991
992
993
1025
1026
1027
1028
1029
1030
1031
1032
1033
1057
1054
1055
1056
973
967
968
969
1053
987
974
975
976
977
978
979
980
981
982
983
984
985
986
1034
988
989
990
991
992
993
1025
1026
1027
1028
1029
1030
1031
1032
1033
1057
1054
1055
1056
92
0
1
2
3
4
5
6
7
8
9
10
11
12
13
14
15
16
17
18
19
973
967
968
969
1053
987
974
975
976
977
978
979
980
981
982
983
984
985
986
1034
988
989
990
991
992
993
1025
1026
1027
1028
1029
1030
1031
1032
1033
1057
1054
1055
1056
973
967
968
969
1053
987
974
975
976
977
978
979
980
981
982
983
984
985
986
1034
988
989
990
991
992
993
1025
1026
1027
1028
1029
1030
1031
1032
1033
1057
1054
1055
1056
973
967
968
969
1053
987
974
975
976
977
978
979
980
981
982
983
984
985
986
1034
988
989
990
991
992
993
1025
1026
1027
1028
1029
1030
1031
1032
1033
1057
1054
1055
1056
973
967
968
969
1053
987
974
975
976
977
978
979
980
981
982
983
984
985
986
1034
988
989
990
991
992
993
1025
1026
1027
1028
1029
1030
1031
1032
1033
1057
1054
1055
1056
973
967
968
969
1053
987
974
975
976
977
978
979
980
981
982
983
984
985
986
1034
988
989
990
991
992
993
1025
1026
1027
1028
1029
1030
1031
1032
1033
1057
1054
1055
1056
973
967
968
969
1053
987
974
975
976
977
978
979
980
981
982
983
984
985
986
1034
988
989
990
991
992
993
1025
1026
1027
1028
1029
1030
1031
1032
1033
1057
1054
1055
1056
973
967
968
969
1053
987
974
975
976
977
978
979
980
981
982
983
984
985
986
1034
988
989
990
991
992
993
1025
1026
1027
1028
1029
1030
1031
1032
1033
1057
1054
1055
1056
973
967
968
969
1053
987
974
975
976
977
978
979
980
981
982
983
984
985
986
973
1034
967
968
969
988
989
990
991
992
993
1053
1025
1026
1027
987
1028
1029
1030
1031
1032
1033
1057
974
975
976
1054
1055
1056
977
978
979
980
981
982
983
984
985
986
1034
988
989
990
991
992
993
1025
1026
1027
1028
1029
1030
1031
1032
1033
1057
1054
1055
1056
973
973
967
968
969
1053
987
974
975
976
977
978
979
980
981
982
983
984
985
986
1034
988
989
990
991
992
993
1025
1026
1027
1028
1029
1030
1031
1032
1033
1057
1054
1055
1056
967
968
969
1053
987
974
975
976
977
978
979
980
981
982
983
984
985
986
1034
988
989
990
991
992
993
1025
1026
1027
1028
1029
1030
1031
1032
1033
1057
1054
1055
1056
973
967
968
969
1053
987
974
975
976
977
978
979
980
981
982
983
984
985
986
1034
988
989
990
991
992
993
1025
1026
1027
1028
1029
1030
1031
1032
1033
1057
1054
1055
1056
973
967
968
969
1053
987
974
975
976
977
978
979
980
981
982
983
984
985
986
1034
988
989
990
991
992
993
1025
1026
1027
1028
1029
1030
1031
1032
1033
1057
1054
1055
1056
973
967
968
969
1053
987
974
975
976
977
978
979
980
981
982
983
984
985
986
1034
988
989
990
991
992
993
1025
1026
1027
1028
1029
1030
1031
1032
1033
1057
1054
1055
1056
92
0
1
2
3
4
5
6
7
8
9
10
11
12
13
14
15
16
17
18
19
92
0
1
2
3
4
5
6
7
8
9
10
11
12
13
14
15
16
17
18
19
973
967
968
969
1053
987
974
975
976
977
978
979
980
981
982
983
984
985
986
1034
988
989
990
991
992
993
1025
1026
1027
1028
1029
1030
1031
1032
1033
1057
1054
1055
1056
92
0
1
2
3
4
5
6
7
8
9
10
11
12
13
14
15
16
17
18
19
92
0
1
2
3
4
5
6
7
8
9
10
11
12
13
14
15
16
17
18
19
92
0
1
2
3
4
5
6
7
8
9
10
11
12
13
14
15
16
17
18
19
92
0
1
2
3
4
5
6
7
8
9
10
11
12
13
14
15
16
17
18
19
92
0
1
2
3
4
5
6
7
8
9
10
11
12
13
14
15
16
17
18
19
92
0
1
2
3
4
5
6
7
8
9
10
11
12
13
14
15
16
17
18
19
92
0
1
2
3
4
5
6
7
8
9
10
11
12
13
14
15
16
17
18
19
92
0
1
2
3
4
92
5
6
7
8
9
10
0
1
2
11
12
13
3
4
14
15
16
17
18
19
5
6
7
8
9
10
11
12
13
14
15
16
17
18
19
92
0
1
2
3
4
5
6
7
8
9
10
11
12
13
14
15
16
17
18
19
92
0
1
2
3
4
5
6
7
8
9
10
11
12
13
14
15
16
17
18
19
92
0
1
2
3
4
5
6
7
8
9
10
11
12
13
14
15
16
17
18
19
92
0
1
2
3
4
5
6
7
8
9
10
11
12
13
14
15
16
17
18
19
973
967
968
969
1053
987
974
975
976
977
978
979
980
981
982
983
984
985
986
1034
988
989
990
991
992
993
1025
1026
1027
1028
1029
1030
1031
1032
1033
1057
1054
1055
1056
92
0
1
2
3
4
5
6
7
8
9
10
11
12
13
14
15
16
17
18
19
973
967
968
969
1053
987
974
975
976
977
978
979
980
981
982
983
984
985
986
1034
988
989
990
991
992
993
1025
1026
1027
1028
1029
1030
1031
1032
1033
1057
1054
1055
1056
92
0
1
2
3
4
5
6
7
8
9
10
11
12
13
14
15
16
17
18
19
92
0
1
2
92
3
4
0
1
2
5
6
7
8
9
10
3
4
11
12
13
5
6
7
8
9
10
14
15
16
17
18
19
11
12
13
14
15
16
17
18
19
973
967
968
969
1053
987
974
975
976
977
978
979
980
981
982
983
984
985
986
1034
988
989
990
991
992
993
1025
1026
1027
1028
1029
1030
1031
1032
1033
1057
1054
1055
1056
92
0
1
2
3
4
5
6
7
8
9
10
11
12
13
14
15
16
17
18
19
92
0
1
2
3
4
5
6
7
8
9
10
11
12
13
14
15
16
17
18
19
92
0
1
2
3
4
5
6
7
8
9
10
11
12
13
14
15
16
17
18
19
973
967
968
969
1053
987
974
975
976
977
978
979
980
981
982
983
984
985
986
1034
988
989
990
991
992
993
1025
1026
1027
1028
1029
1030
1031
1032
1033
1057
1054
1055
1056
92
0
1
2
3
4
5
6
7
8
9
10
11
12
13
14
15
16
17
18
19
92
0
1
2
3
4
5
6
7
8
9
10
11
12
13
14
15
16
17
18
19
92
0
1
2
3
4
5
6
7
8
9
10
11
12
13
14
15
16
17
18
19
92
0
1
2
3
4
5
6
7
8
9
10
11
12
13
14
15
16
17
18
19
92
0
1
2
3
4
5
6
7
8
9
10
11
12
13
14
15
16
17
18
19
92
0
1
2
3
4
5
6
7
8
9
10
11
12
13
14
15
16
17
18
19
92
0
1
2
3
4
5
6
7
8
9
10
11
12
13
14
15
16
17
18
19
92
0
1
2
3
4
5
6
7
8
9
10
11
12
13
14
15
16
17
18
19
92
0
1
2
3
4
5
6
7
8
9
10
11
12
13
14
15
16
17
18
19
92
0
1
2
3
4
5
6
7
8
9
10
11
12
13
14
15
16
17
18
19
92
0
1
2
3
4
5
6
7
8
9
10
11
12
13
14
15
16
17
18
19
92
0
1
2
3
4
5
6
7
8
9
10
11
12
13
14
15
16
17
18
19
92
0
1
2
3
4
5
6
7
8
9
10
11
12
13
14
15
16
17
18
19
92
0
1
2
3
4
5
6
7
8
9
10
11
12
13
14
15
16
17
18
19
92
0
1
2
3
4
5
6
7
8
9
10
11
12
13
14
15
16
17
18
19
92
0
1
2
3
4
5
6
7
8
9
10
11
12
13
14
15
16
17
18
19
92
0
1
2
3
4
5
6
7
8
9
10
11
12
13
14
15
16
17
18
19
92
0
1
2
3
4
5
6
7
8
9
10
11
12
13
14
15
16
17
18
19
92
0
1
2
3
4
5
6
7
8
9
10
11
12
13
14
15
16
17
18
19
92
0
1
2
3
4
5
6
7
8
9
10
11
12
13
14
15
16
17
18
19
92
0
1
2
3
4
5
6
7
8
9
10
11
12
13
14
15
16
17
18
19
92
0
1
2
3
4
5
6
7
8
9
10
11
12
13
14
15
16
17
18
19
92
0
1
2
3
4
5
6
7
8
9
10
11
12
13
14
15
16
17
18
19
92
0
1
2
3
4
5
6
7
8
9
10
11
12
13
14
15
16
17
18
19
92
0
1
2
3
4
5
6
7
8
9
10
11
12
13
14
15
16
17
18
19
92
0
1
2
3
4
5
6
7
8
9
10
11
12
13
14
15
16
17
18
19
92
0
1
2
3
4
5
6
7
8
9
10
11
12
13
14
15
16
17
18
19
92
0
1
2
3
4
5
6
7
8
9
10
11
12
13
14
15
16
17
18
19
92
0
1
2
3
4
5
6
7
8
9
10
11
12
13
14
15
16
17
18
19
92
0
1
2
3
4
5
6
7
8
9
10
11
12
13
14
15
16
17
18
19
92
0
1
2
3
4
5
6
7
8
9
10
11
12
13
14
15
16
17
18
19
92
0
1
2
3
4
5
6
7
8
9
10
11
12
13
14
15
16
17
18
19
92
0
1
2
3
4
5
6
7
8
9
10
11
12
13
14
15
16
17
18
19
92
0
1
2
3
4
5
6
7
8
9
10
11
12
13
14
15
16
17
18
19
92
0
1
2
3
4
5
6
7
8
9
10
11
12
13
14
15
16
17
18
19
92
0
1
2
3
4
5
6
7
8
9
10
11
12
13
14
15
16
17
18
19
92
0
1
2
3
4
5
6
7
8
9
10
11
12
13
14
15
16
17
18
19
92
0
1
2
3
4
5
6
7
8
9
10
11
12
13
14
15
16
17
18
19
92
0
1
2
3
4
5
6
7
8
9
10
11
12
13
14
15
16
17
18
19
92
0
1
2
3
4
5
6
7
8
9
10
11
12
13
14
15
16
17
18
19
92
0
1
2
3
4
5
6
7
8
9
10
11
12
13
14
15
16
17
18
19
92
0
1
2
3
4
5
6
7
8
9
10
11
12
13
14
15
16
17
18
19
92
0
1
2
3
4
5
6
7
8
9
10
11
12
13
14
15
16
17
18
19
92
0
1
2
3
4
5
6
7
8
9
10
11
12
13
14
15
16
17
18
19
92
0
1
2
3
4
5
6
7
8
9
10
11
12
13
14
15
16
17
18
19
92
0
1
2
3
4
5
6
7
8
9
10
11
12
13
14
15
16
17
18
19
92
0
1
2
3
4
5
6
7
8
9
10
11
12
13
14
15
16
17
18
19
92
0
1
2
3
4
5
6
7
8
9
10
11
12
13
14
15
16
17
18
19
92
0
1
2
3
4
5
6
7
8
9
10
11
12
13
14
15
16
17
18
19
92
0
1
2
3
4
5
6
7
8
9
10
11
12
13
14
15
16
17
18
19
92
92
0
1
2
0
1
2
3
4
3
4
5
6
7
8
9
10
5
6
7
8
9
10
11
12
13
11
12
13
14
15
16
17
18
19
14
15
16
17
18
19
92
0
1
2
3
4
5
6
7
8
9
10
11
12
13
14
15
16
17
18
19
92
0
1
2
3
4
5
6
7
8
9
10
11
12
13
14
15
16
17
18
19
92
0
1
2
3
4
5
6
7
8
9
10
11
12
13
14
15
16
17
18
19
92
0
1
2
3
4
5
6
7
8
9
10
11
12
13
14
15
16
17
18
19
92
0
1
2
3
4
5
6
7
8
9
10
11
12
13
14
15
16
17
18
19
92
0
1
2
3
4
5
6
7
8
9
10
11
12
13
14
15
16
17
18
19
92
0
1
2
3
4
5
6
7
8
9
10
11
12
13
14
15
16
17
18
19
92
0
1
2
3
4
5
6
7
8
9
10
11
12
13
14
15
16
17
18
19
92
0
1
2
3
4
5
6
7
8
9
10
11
12
13
14
15
16
17
18
19
92
0
1
2
3
4
5
6
7
8
9
10
11
12
13
14
15
16
17
18
19
92
0
1
2
3
4
5
6
7
8
9
10
11
12
13
14
15
16
17
18
19
92
0
1
2
3
4
5
6
7
8
9
10
11
12
13
14
15
16
17
18
19
92
0
1
2
3
4
5
6
7
8
9
10
11
12
13
14
15
16
17
18
19
92
0
1
2
3
4
5
6
7
8
9
10
11
12
13
14
15
16
17
18
19
92
0
1
2
3
4
5
6
7
8
9
10
11
12
13
14
15
16
17
18
19
92
0
1
2
3
4
5
6
7
8
9
10
11
12
13
14
15
16
17
18
19
92
0
1
2
3
4
5
6
7
8
9
10
11
12
13
14
15
16
17
18
19
92
0
1
2
3
4
5
6
7
8
9
10
11
12
13
14
15
16
17
18
19
92
0
1
2
3
4
5
6
7
8
9
10
11
12
13
14
15
16
17
18
19
92
0
1
2
3
4
5
6
7
8
9
10
11
12
13
14
15
16
17
18
19
92
0
1
2
3
4
5
6
7
8
9
10
11
12
13
14
15
16
17
18
19
92
0
1
2
3
4
5
6
7
8
9
10
11
12
13
14
15
16
17
18
19
92
0
1
2
3
4
5
6
7
8
9
10
11
12
13
14
15
16
17
18
19
92
0
1
2
3
4
5
6
7
8
9
10
11
12
13
14
15
16
17
18
19
92
0
1
2
3
4
5
6
7
8
9
10
11
12
13
14
15
16
17
18
19
92
0
1
2
3
4
5
6
7
8
9
10
11
12
13
14
15
16
17
18
19
92
0
1
2
3
4
5
6
7
8
9
10
11
12
13
14
15
16
17
18
19
92
0
1
2
3
4
5
6
7
8
9
10
11
12
13
14
15
16
17
18
19
92
0
1
2
3
4
5
6
7
8
9
10
11
12
13
14
15
16
17
18
19
973
967
968
969
1053
987
974
975
976
977
978
979
980
981
982
983
984
985
986
1034
988
989
990
991
992
993
1025
1026
1027
1028
1029
1030
1031
1032
1033
1057
1054
1055
1056
92
0
1
2
3
4
5
6
7
8
9
10
11
12
13
14
15
16
17
18
19
973
967
968
969
1053
987
974
975
976
977
978
979
980
981
982
983
984
985
986
1034
988
989
990
991
992
993
1025
1026
1027
1028
1029
1030
1031
1032
1033
1057
1054
1055
1056
92
0
1
2
3
4
5
6
7
8
9
10
11
12
13
14
15
16
17
18
19
973
967
968
969
1053
987
974
975
976
977
978
979
980
981
982
983
984
985
986
1034
988
989
990
991
992
993
1025
1026
1027
1028
1029
1030
1031
1032
1033
1057
1054
1055
1056
92
0
1
2
3
4
5
6
7
8
9
10
11
12
13
14
15
16
17
18
19
973
967
968
969
1053
987
974
975
976
977
978
979
980
981
982
983
984
985
986
1034
988
989
990
991
992
993
1025
1026
1027
1028
1029
1030
1031
1032
1033
1057
1054
1055
1056
92
0
1
2
3
4
5
6
7
8
9
10
11
12
13
14
15
16
17
18
19
973
967
968
969
1053
987
974
975
976
977
978
979
980
981
982
983
984
985
986
1034
988
989
990
991
992
993
1025
1026
1027
1028
1029
1030
1031
1032
1033
1057
1054
1055
1056
92
0
1
2
3
4
5
6
7
8
9
10
11
12
13
14
15
16
17
18
19
973
967
968
969
1053
987
974
975
976
977
978
979
980
981
982
983
984
985
986
1034
988
989
990
991
992
993
1025
1026
1027
1028
1029
1030
1031
1032
1033
1057
1054
1055
1056
92
0
1
2
3
4
5
6
7
8
9
10
11
12
13
14
15
16
17
18
19
92
0
1
2
3
4
5
6
7
8
9
10
11
12
13
14
15
16
17
18
19
92
0
1
2
3
4
5
6
7
8
9
10
11
12
13
14
15
16
17
18
19
92
0
1
2
3
4
5
6
7
8
9
10
11
12
13
14
15
16
17
18
19
973
967
968
969
1053
987
974
975
976
977
978
979
980
981
982
983
984
985
986
1034
988
989
990
991
992
993
1025
1026
1027
1028
1029
1030
1031
1032
1033
1057
1054
1055
1056
92
0
1
2
3
4
5
6
7
8
9
10
11
12
13
14
15
16
17
18
19
973
967
968
969
1053
987
974
975
976
977
978
979
980
981
982
983
984
985
986
1034
988
989
990
991
992
993
1025
1026
1027
1028
1029
1030
1031
1032
1033
1057
1054
1055
1056
92
0
1
2
3
4
5
6
7
8
9
10
11
12
13
14
15
16
17
18
19
973
967
968
969
1053
987
974
975
976
977
978
979
980
981
982
983
984
985
986
1034
988
989
990
991
992
993
1025
1026
1027
1028
1029
1030
1031
1032
1033
1057
1054
1055
1056
92
0
1
2
3
4
5
6
7
8
9
10
11
12
13
14
15
16
17
18
19
92
0
1
2
3
4
5
6
7
8
9
10
11
12
13
14
15
16
17
18
19
92
0
1
2
3
4
5
6
7
8
9
10
11
12
13
14
15
16
17
18
19
973
967
968
969
1053
987
974
975
976
977
978
979
980
981
982
983
984
985
986
1034
988
989
990
991
992
993
1025
1026
1027
1028
1029
1030
1031
1032
1033
1057
1054
1055
1056
92
0
1
2
3
4
5
6
7
8
9
10
11
12
13
14
15
16
17
18
19
973
967
968
969
1053
987
974
975
976
977
978
979
980
981
982
983
984
985
986
1034
988
989
990
991
992
993
1025
1026
1027
1028
1029
1030
1031
1032
1033
1057
1054
1055
1056
92
0
1
2
3
4
5
6
7
8
9
10
11
12
13
14
15
16
17
18
19
92
0
1
2
3
4
5
6
7
8
9
10
11
12
13
14
15
16
17
18
19
92
0
1
2
3
4
5
6
7
8
9
10
11
12
13
14
15
16
17
18
19
92
0
1
2
3
4
5
6
7
8
9
10
11
12
13
14
15
16
17
18
19
92
0
1
2
3
4
5
6
7
8
9
10
11
12
13
14
15
16
17
18
19
973
967
968
969
1053
987
974
975
976
977
978
979
980
981
982
983
984
985
986
1034
988
989
990
991
992
993
1025
1026
1027
1028
1029
1030
1031
1032
1033
1057
1054
1055
1056
92
0
1
2
3
4
5
6
7
8
9
10
11
12
13
14
15
16
17
18
19
973
967
968
969
1053
987
974
975
976
977
978
979
980
981
982
983
984
985
986
1034
988
989
990
991
992
993
1025
1026
1027
1028
1029
1030
1031
1032
1033
1057
1054
1055
1056
92
0
1
2
3
4
5
6
7
8
9
10
11
12
13
14
15
16
17
18
19
92
0
1
2
3
4
5
6
7
8
9
10
11
12
13
14
15
16
17
18
19
973
967
968
969
1053
987
974
975
976
977
978
979
980
981
982
983
984
985
986
1034
988
989
990
991
992
993
1025
1026
1027
1028
1029
1030
1031
1032
1033
1057
1054
1055
1056
973
967
968
969
1053
987
974
975
976
977
978
979
980
981
982
983
984
985
986
1034
988
989
990
991
992
993
1025
1026
1027
1028
1029
1030
1031
1032
1033
1057
1054
1055
1056
92
0
1
2
3
4
5
6
7
8
9
10
11
12
13
14
15
16
17
18
19
92
0
1
2
3
4
5
6
7
8
9
10
11
12
13
14
15
16
17
18
19
92
0
1
2
92
92
3
4
0
1
2
92
0
1
2
92
3
4
5
6
7
8
9
10
0
1
2
3
4
5
6
7
8
9
10
0
1
2
11
12
13
3
4
5
6
7
8
9
10
11
12
13
3
4
14
15
16
17
18
19
5
6
7
8
9
10
11
12
13
14
15
16
17
18
19
5
6
7
8
9
10
11
12
13
14
15
16
17
18
19
11
12
13
14
15
16
17
18
19
14
15
16
17
18
19
92
0
1
2
3
4
5
6
7
8
9
10
11
12
13
14
15
16
17
18
19
92
0
1
2
3
4
5
6
7
8
9
10
11
12
13
14
15
16
17
18
19
92
0
1
2
3
4
5
6
7
8
9
10
11
12
13
14
15
16
17
18
19
92
92
0
1
2
0
1
2
3
4
3
4
5
6
7
8
9
10
5
6
7
8
9
10
11
12
13
11
12
13
14
15
16
17
18
19
14
15
16
17
18
19
92
92
0
1
2
0
1
2
3
4
3
4
5
6
7
8
9
10
5
6
7
8
9
10
11
12
13
11
12
13
14
15
16
17
18
19
14
15
16
17
18
19
973
967
968
969
1053
987
974
975
976
977
978
979
980
981
982
983
984
985
986
1034
988
989
990
991
992
993
1025
1026
1027
1028
1029
1030
1031
1032
1033
1057
1054
1055
1056
92
0
1
2
3
4
5
6
7
8
9
10
11
12
13
14
15
16
17
18
19
92
0
1
2
3
4
5
6
7
8
9
10
11
12
13
14
15
16
17
18
19
973
967
968
969
1053
987
974
975
976
977
978
979
980
981
982
983
984
985
986
1034
988
989
990
991
992
993
1025
1026
1027
1028
1029
1030
1031
1032
1033
1057
1054
1055
1056
973
967
968
969
1053
987
974
975
976
977
978
979
980
981
982
983
984
985
986
1034
988
989
990
991
992
993
1025
1026
1027
1028
1029
1030
1031
1032
1033
1057
1054
1055
1056
973
967
968
969
1053
987
974
975
976
977
978
979
980
981
982
983
984
985
986
1034
988
989
990
991
992
993
1025
1026
1027
1028
1029
1030
1031
1032
1033
1057
1054
1055
1056
973
967
968
969
1053
987
974
975
976
977
978
979
980
981
982
983
984
985
986
1034
988
989
990
991
992
993
1025
1026
1027
1028
1029
1030
1031
1032
1033
1057
973
1054
1055
1056
967
968
969
1053
987
973
974
975
976
967
968
969
977
978
979
980
981
982
983
984
985
986
1053
1034
987
988
989
990
991
992
993
973
974
975
976
1025
1026
1027
967
968
969
977
978
979
980
981
982
983
984
985
986
1028
1029
1030
1031
1032
1033
1053
1034
1057
987
988
989
990
991
992
993
1054
1055
1056
1025
1026
1027
974
975
976
1028
1029
1030
1031
1032
1033
977
978
979
980
981
982
983
984
985
986
1057
1034
1054
1055
1056
988
989
990
991
992
993
1025
1026
1027
1028
1029
1030
1031
1032
1033
1057
1054
1055
1056
973
967
968
969
1053
987
974
975
976
977
978
979
980
981
982
983
984
985
986
1034
988
989
990
991
992
993
1025
1026
1027
1028
1029
1030
1031
1032
1033
1057
1054
1055
1056
973
967
968
969
1053
987
974
975
976
977
978
979
980
981
982
983
984
985
986
1034
988
989
990
991
992
993
1025
1026
1027
1028
1029
1030
1031
1032
1033
1057
1054
1055
1056
92
0
1
2
3
4
5
6
7
8
9
10
11
12
13
14
15
16
17
18
19
92
0
1
2
3
4
5
6
7
8
9
10
11
12
13
14
15
16
17
18
19
92
92
0
1
2
92
3
4
0
1
2
0
1
2
5
6
7
8
9
10
3
4
3
4
11
12
13
5
6
7
8
9
10
5
6
7
8
9
10
14
15
16
17
18
19
11
12
13
11
12
13
14
15
16
17
18
19
14
15
16
17
18
19
92
0
1
2
3
4
5
6
7
8
9
10
11
12
13
14
15
16
17
18
19
973
967
968
969
1053
987
974
975
976
977
978
979
980
981
982
983
984
985
986
1034
988
989
990
991
992
993
1025
1026
1027
1028
1029
1030
1031
1032
1033
1057
1054
1055
1056
92
92
0
1
2
0
1
2
3
4
3
4
5
6
7
8
9
10
5
6
7
8
9
10
11
12
13
11
12
13
14
15
16
17
18
19
14
15
16
17
18
19
973
967
968
969
1053
987
974
975
976
977
978
979
980
981
982
983
984
985
986
1034
988
989
990
991
992
993
1025
1026
1027
1028
1029
1030
1031
1032
1033
1057
1054
1055
1056
973
967
968
969
1053
987
974
975
976
977
978
979
980
981
982
983
984
985
986
1034
988
989
990
991
992
993
1025
1026
1027
1028
1029
1030
1031
1032
1033
1057
1054
1055
1056
973
967
968
969
1053
987
974
975
976
977
978
979
980
981
982
983
984
985
986
1034
988
989
990
991
992
993
1025
1026
1027
1028
1029
1030
1031
1032
1033
1057
1054
1055
1056
92
0
1
2
3
4
5
6
7
8
9
10
11
12
13
14
15
16
17
18
19
92
0
1
2
3
4
5
6
7
8
9
10
11
12
13
14
15
16
17
18
19
92
0
1
2
3
4
5
6
7
8
9
10
11
12
13
14
15
16
17
18
19
92
0
1
2
3
4
5
6
7
8
9
10
11
12
13
14
15
16
17
18
19
92
0
1
2
3
4
5
6
7
8
9
10
11
12
13
14
15
16
17
18
19
92
0
1
2
3
4
5
6
7
8
9
10
11
12
13
14
15
16
17
18
19
92
0
1
2
3
4
5
6
7
8
9
10
11
12
13
14
15
16
17
18
19
92
0
1
2
3
4
5
6
7
8
9
10
11
12
13
14
15
16
17
18
19
92
0
1
2
3
4
5
6
7
8
9
10
11
12
13
14
15
16
17
18
19
92
0
1
2
3
4
5
6
7
8
9
10
11
12
13
14
15
16
17
18
19
92
0
1
2
3
4
5
6
7
8
9
10
11
12
13
14
15
16
17
18
19
973
967
968
969
1053
987
974
975
976
977
978
979
980
981
982
983
984
985
986
1034
988
989
990
991
992
993
1025
1026
1027
1028
1029
1030
1031
1032
1033
1057
1054
1055
1056
92
0
1
2
92
3
4
5
6
7
8
9
10
0
1
2
11
12
13
3
4
14
15
16
17
18
19
5
6
7
8
9
10
11
12
13
14
15
16
17
18
19
92
0
1
2
92
3
4
5
6
7
8
9
10
0
1
2
11
12
13
3
4
14
15
16
17
18
19
5
6
7
8
9
10
11
12
13
14
15
16
17
18
19
92
92
92
0
1
2
0
1
2
0
1
2
3
4
3
4
3
4
5
6
7
8
9
10
5
6
7
8
9
10
5
6
7
8
9
10
11
12
13
11
12
13
11
12
13
14
15
16
17
18
19
14
15
16
17
18
19
14
15
16
17
18
19
92
0
1
2
3
4
5
6
7
8
9
10
11
12
13
14
15
16
17
18
19
92
0
1
2
3
4
5
6
7
8
9
10
11
12
13
14
15
16
17
18
19
92
0
1
2
3
4
5
6
7
8
9
10
11
12
13
14
15
16
17
18
19
92
0
1
2
92
3
4
5
6
7
8
9
10
0
1
2
11
12
13
3
4
14
15
16
17
18
19
5
6
7
8
9
10
11
12
13
14
15
16
17
18
19
92
0
1
2
3
4
5
6
7
8
9
10
11
12
13
14
15
16
17
18
19
92
0
1
2
3
4
5
6
7
8
9
10
11
12
13
14
15
16
17
18
19
92
0
1
2
3
4
5
6
7
8
9
10
11
12
13
14
15
16
17
18
19
92
0
1
2
3
4
5
6
7
8
9
10
11
12
13
14
15
16
17
18
19
92
0
1
2
3
4
5
6
7
8
9
10
11
12
13
14
15
16
17
18
19
92
0
1
2
3
4
5
6
7
8
9
10
11
12
13
14
15
16
17
18
19
92
0
1
2
3
4
5
6
7
8
9
10
11
12
13
14
15
16
17
18
19
92
0
1
2
3
4
5
6
7
8
9
10
11
12
13
14
15
16
17
18
19
92
92
0
1
2
3
4
0
1
2
5
6
7
8
9
10
3
4
11
12
13
5
6
7
8
9
10
14
15
16
17
18
19
11
12
13
14
15
16
17
18
19
92
0
1
2
3
4
5
6
7
8
9
10
11
12
13
14
15
16
17
18
19
92
0
1
2
3
4
5
6
7
8
9
10
11
12
13
14
15
16
17
18
19
92
0
1
2
3
4
5
6
7
8
9
10
11
12
13
14
15
16
17
18
19
92
0
1
2
3
4
5
6
7
8
9
10
11
12
13
14
15
16
17
18
19
92
0
1
2
3
4
5
6
7
8
9
10
11
12
13
14
15
16
17
18
19
92
92
0
1
2
92
3
4
0
1
2
5
6
7
8
9
10
0
1
2
3
4
11
12
13
3
4
5
6
7
8
9
10
14
15
16
17
18
19
5
6
7
8
9
10
11
12
13
11
12
13
14
15
16
17
18
19
14
15
16
17
18
19
92
0
1
2
3
4
5
6
7
8
9
10
11
12
13
14
15
16
17
18
19
92
92
0
1
2
0
1
2
3
4
3
4
5
6
7
8
9
10
5
6
7
8
9
10
11
12
13
11
12
13
14
15
16
17
18
19
14
15
16
17
18
19
92
0
1
2
3
4
5
6
7
8
9
10
11
12
13
14
15
16
17
18
19
92
0
1
2
3
4
5
6
7
8
9
10
11
12
13
14
15
16
17
18
19
92
0
1
2
3
4
5
6
7
8
9
10
11
12
13
14
15
16
17
18
19
92
0
1
2
3
4
5
6
7
8
9
10
11
12
13
14
15
16
17
18
19
92
0
1
2
3
4
5
6
7
8
9
10
11
12
13
14
15
16
17
18
19
92
0
1
2
3
4
5
6
7
8
9
10
11
12
13
14
15
16
17
18
19
92
0
1
2
3
4
5
6
7
8
9
10
11
12
13
14
15
16
17
18
19
92
92
0
1
2
0
1
2
3
4
3
4
5
6
7
8
9
10
5
6
7
8
9
10
11
12
13
11
12
13
14
15
16
17
18
19
14
15
16
17
18
19
92
0
1
2
3
4
5
6
7
8
9
10
11
12
13
14
15
16
17
18
19
92
92
0
1
2
0
1
2
3
4
3
4
5
6
7
8
9
10
5
6
7
8
9
10
11
12
13
11
12
13
14
15
16
17
18
19
14
15
16
17
18
19
92
0
1
2
3
4
5
6
7
8
9
10
11
12
13
14
15
16
17
18
19
92
0
1
2
3
4
5
6
7
8
9
10
11
12
13
14
15
16
17
18
19
92
92
0
1
2
0
1
2
3
4
3
4
5
6
7
8
9
10
5
6
7
8
9
10
11
12
13
11
12
13
14
15
16
17
18
19
14
15
16
17
18
19
92
0
1
2
3
4
5
6
7
8
9
10
11
12
13
14
15
16
17
18
19
92
0
1
2
3
4
5
6
7
8
9
10
11
12
13
14
15
16
17
18
19
92
0
1
2
3
4
5
6
7
8
9
10
11
12
13
14
15
16
17
18
19
92
0
1
2
3
4
5
6
7
8
9
10
11
12
13
14
15
16
17
18
19
92
0
1
2
3
4
5
6
7
8
9
10
11
12
13
14
15
16
17
18
19
92
0
1
2
3
4
5
6
7
8
9
10
11
12
13
14
15
16
17
18
19
92
0
1
2
3
4
5
6
7
8
9
10
11
12
13
14
15
16
17
18
19
92
0
1
2
3
4
5
6
7
8
9
10
11
12
13
14
15
16
17
18
19
92
92
0
1
2
3
4
0
1
2
5
6
7
8
9
10
3
4
11
12
13
5
6
7
8
9
10
14
15
16
17
18
19
11
12
13
14
15
16
17
18
19
92
0
1
2
3
4
5
6
7
8
9
10
11
12
13
14
15
16
17
18
19
92
92
92
0
1
2
0
1
2
0
1
2
3
4
3
4
3
4
5
6
7
8
9
10
5
6
7
8
9
10
5
6
7
8
9
10
11
12
13
11
12
13
11
12
13
14
15
16
17
18
19
14
15
16
17
18
19
14
15
16
17
18
19
92
0
1
2
3
4
5
6
7
8
9
10
11
12
13
14
15
16
17
18
19
92
0
1
2
3
4
5
6
7
8
9
10
11
12
13
14
15
16
17
18
19
92
0
1
2
3
4
5
6
7
8
9
10
11
12
13
14
15
16
17
18
19
92
0
1
2
3
4
5
6
7
8
9
10
11
12
13
14
15
16
17
18
19
92
0
1
2
3
4
5
6
7
8
9
10
11
12
13
14
15
16
17
18
19
92
0
1
2
3
4
5
6
7
8
9
10
11
12
13
14
15
16
17
18
19
92
0
1
2
3
4
5
6
7
8
9
10
11
12
13
14
15
16
17
18
19
92
92
0
1
2
0
1
2
3
4
3
4
5
6
7
8
9
10
5
6
7
8
9
10
11
12
13
11
12
13
14
15
16
17
18
19
14
15
16
17
18
19
92
0
1
2
3
4
5
6
7
8
9
10
11
12
13
14
15
16
17
18
19
92
0
1
2
3
4
5
6
7
8
9
10
11
12
13
14
15
16
17
18
19
92
0
1
2
3
4
5
6
7
8
9
10
11
12
13
14
15
16
17
18
19
92
0
1
2
3
4
5
6
7
8
9
10
11
12
13
14
15
16
17
18
19
92
0
1
2
3
4
5
6
7
8
9
10
11
12
13
14
15
16
17
18
19
92
0
1
2
3
4
5
6
7
8
9
10
11
12
13
14
15
16
17
18
19
92
0
1
2
3
4
5
6
7
8
9
10
11
12
13
14
15
16
17
18
19
92
0
1
2
3
4
5
6
7
8
9
10
11
12
13
14
15
16
17
18
19
92
0
1
2
3
4
5
6
7
8
9
10
11
12
13
14
15
16
17
18
19
92
0
1
2
3
4
5
6
7
8
9
10
11
12
13
14
15
16
17
18
19
92
0
1
2
3
4
5
6
7
8
9
10
11
12
13
14
15
16
17
18
19
92
0
1
2
3
4
5
6
7
8
9
10
11
12
13
14
15
16
17
18
19
92
92
0
1
2
3
4
0
1
2
5
6
7
8
9
10
3
4
11
12
13
5
6
7
8
9
10
14
15
16
17
18
19
11
12
13
14
15
16
17
18
19
92
0
1
2
3
4
5
6
7
8
9
10
11
12
13
14
15
16
17
18
19
92
0
1
2
3
4
5
6
7
8
9
10
11
12
13
14
15
16
17
18
19
92
0
1
2
3
4
5
6
7
8
9
10
11
12
13
14
15
16
17
18
19
92
0
1
2
3
4
5
6
7
8
9
10
11
12
13
14
15
16
17
18
19
92
0
1
2
3
4
5
6
7
8
9
10
11
12
13
14
15
16
17
18
19
92
0
1
2
3
4
5
6
7
8
9
10
11
12
13
14
15
16
17
18
19
92
0
1
2
3
4
5
6
7
8
9
10
11
12
13
14
15
16
17
18
19
92
0
1
2
3
4
5
6
7
8
9
10
11
12
13
14
15
16
17
18
19
92
0
1
2
3
4
5
6
7
8
9
10
11
12
13
14
15
16
17
18
19
92
0
1
2
3
4
5
6
7
8
9
10
11
12
13
14
15
16
17
18
19
92
0
1
2
3
4
5
6
7
8
9
10
11
12
13
14
15
16
17
18
19
92
0
1
2
3
4
5
6
7
8
9
10
11
12
13
14
15
16
17
18
19
92
0
1
2
3
4
5
6
7
8
9
10
92
11
12
13
0
1
2
14
15
16
17
18
19
3
4
5
6
7
8
9
10
11
12
13
14
15
16
17
18
19
92
0
1
2
92
3
4
5
6
7
8
9
10
0
1
2
11
12
13
3
4
14
15
16
17
18
19
5
6
7
8
9
10
11
12
13
14
15
16
17
18
19
92
0
1
2
3
4
5
6
7
8
9
10
11
12
13
14
15
16
17
18
19
92
92
0
1
2
0
1
2
3
4
3
4
5
6
7
8
9
10
5
6
7
8
9
10
11
12
13
11
12
13
14
15
16
17
18
19
14
15
16
17
18
19
92
0
1
2
3
4
5
6
7
8
9
10
11
12
13
14
15
16
17
18
19
92
0
1
2
3
4
5
6
7
8
9
10
11
12
13
92
14
15
16
17
18
19
0
1
2
3
4
5
6
7
8
9
10
11
12
13
14
15
16
17
18
19
92
0
1
2
3
4
5
6
7
8
9
10
11
12
13
14
15
16
17
18
19
92
0
1
2
3
4
5
6
7
8
9
10
11
12
13
14
15
16
17
18
19
92
0
1
2
3
4
5
6
7
8
9
10
11
12
13
14
15
16
17
18
19
92
0
1
2
3
4
5
6
7
8
9
10
11
12
13
14
15
16
17
18
19
92
0
1
2
3
4
5
6
7
8
9
10
11
12
13
14
15
16
17
18
19
92
0
1
2
3
4
5
6
7
8
9
10
11
12
13
14
15
16
17
18
19
92
0
1
2
3
4
5
6
7
8
9
10
11
12
13
14
15
16
17
18
19
92
0
1
2
3
4
5
6
7
8
9
10
11
12
13
14
15
16
17
18
19
92
0
1
2
3
4
5
6
7
8
9
10
11
12
13
14
15
16
17
18
19
92
0
1
2
3
4
5
6
7
8
9
10
11
12
13
14
15
16
17
18
19
92
0
1
2
3
4
5
6
7
8
9
10
11
12
13
14
15
16
17
18
19
92
0
1
2
3
4
5
6
7
8
9
10
11
12
13
14
15
16
17
18
19
92
0
1
2
3
4
5
6
7
8
9
10
11
12
13
14
15
16
17
18
19
92
0
1
2
3
4
5
6
7
8
9
10
11
12
13
14
15
16
17
18
19
92
0
1
2
3
4
5
6
7
8
9
10
11
12
13
14
15
16
17
18
19
92
92
0
1
2
0
1
2
3
4
3
4
5
6
7
8
9
10
5
6
7
8
9
10
11
12
13
11
12
13
14
15
16
17
18
19
14
15
16
17
18
19
92
0
1
2
3
4
5
6
7
8
9
10
11
12
13
14
15
16
17
18
19
92
92
0
1
2
0
1
2
3
4
3
4
5
6
7
8
9
10
5
6
7
8
9
10
11
12
13
11
12
13
14
15
16
17
18
19
14
15
16
17
18
19
92
0
1
2
3
4
5
6
7
8
9
10
11
12
13
14
15
16
17
18
19
92
0
1
2
3
4
5
6
7
8
9
10
11
12
13
14
15
16
17
18
19
92
0
1
2
92
3
4
0
1
2
5
6
7
8
9
10
92
3
4
11
12
13
0
1
2
5
6
7
8
9
10
14
15
16
17
18
19
3
4
11
12
13
5
6
7
8
9
10
14
15
16
17
18
19
11
12
13
14
15
16
17
18
19
92
0
1
2
3
4
5
6
7
8
9
10
11
12
13
14
15
16
17
18
19
92
92
0
1
2
0
1
2
3
4
3
4
5
6
7
8
9
10
5
6
7
8
9
10
11
12
13
11
12
13
14
15
16
17
18
19
14
15
16
17
18
19
92
92
0
1
2
0
1
2
3
4
3
4
5
6
7
8
9
10
5
6
7
8
9
10
11
12
13
11
12
13
14
15
16
17
18
19
14
15
16
17
18
19
92
0
1
2
3
4
5
6
7
8
9
10
11
12
13
14
15
16
17
18
19
92
0
1
2
3
4
5
6
7
8
9
10
11
12
13
14
15
16
17
18
19
92
0
1
2
3
4
5
6
7
8
9
10
11
12
13
14
15
16
17
18
19
92
0
1
2
3
4
5
6
7
8
9
10
11
12
13
14
15
16
17
18
19
92
0
1
2
3
4
5
6
7
8
9
10
11
12
13
14
15
16
17
18
19
92
0
1
2
3
4
5
6
7
8
9
10
11
12
13
14
15
16
17
18
19
92
92
0
1
2
0
1
2
3
4
3
4
5
6
7
8
9
10
5
6
7
8
9
10
11
12
13
11
12
13
14
15
16
17
18
19
14
15
16
17
18
19
92
0
1
2
3
4
5
6
7
8
9
10
11
12
13
14
15
16
17
18
19
92
0
1
2
3
4
5
6
7
8
9
10
11
12
13
14
15
16
17
18
19
92
92
0
1
2
0
1
2
3
4
3
4
5
6
7
8
9
10
5
6
7
8
9
10
11
12
13
11
12
13
14
15
16
17
18
19
14
15
16
17
18
19
92
0
1
2
3
4
5
6
7
8
9
10
11
12
13
14
15
16
17
18
19
92
0
1
2
3
4
5
6
7
8
9
10
11
12
13
14
15
16
17
18
19
92
0
1
2
3
4
5
6
7
8
9
10
11
12
13
14
15
16
17
18
19
92
0
1
2
3
4
5
6
7
8
9
10
11
12
13
14
15
16
17
18
19
92
0
1
2
3
4
5
6
7
8
9
10
11
12
13
14
15
16
17
18
19
92
0
1
2
92
3
4
0
1
2
5
6
7
8
9
10
3
4
11
12
13
5
6
7
8
9
10
14
15
16
17
18
19
11
12
13
14
15
16
17
18
19
92
0
1
2
3
4
5
6
7
8
9
10
11
12
13
14
15
16
17
18
19
92
0
1
2
3
4
5
6
7
8
9
10
11
12
13
14
15
16
17
18
19
92
0
1
2
3
4
92
5
6
7
8
9
10
11
12
13
0
1
2
14
15
16
17
18
19
3
4
5
6
7
8
9
10
11
12
13
14
15
16
17
18
19
92
0
1
2
3
4
5
6
7
8
9
10
11
12
13
14
15
16
17
18
19
92
92
0
1
2
0
1
2
3
4
3
4
5
6
7
8
9
10
5
6
7
8
9
10
11
12
13
11
12
13
14
15
16
17
18
19
14
15
16
17
18
19
92
0
1
2
3
4
5
6
7
8
9
10
11
12
13
14
15
16
17
18
19
92
0
1
2
3
4
5
6
7
8
9
10
11
12
13
14
15
16
17
18
19
92
0
1
2
3
4
5
6
7
8
9
10
11
12
13
14
15
16
17
18
19
92
0
1
2
3
4
5
6
7
8
9
10
11
12
13
14
15
16
17
18
19
92
0
1
2
3
4
5
6
7
8
9
10
11
12
13
14
15
16
17
18
19
92
0
1
2
3
4
5
6
7
8
9
10
11
12
13
14
15
16
17
18
19
92
0
1
2
3
4
5
6
7
8
9
10
11
12
13
14
15
16
17
18
19
92
92
0
1
2
0
1
2
3
4
3
4
5
6
7
8
9
10
5
6
7
8
9
10
11
12
13
11
12
13
14
15
16
17
18
19
14
15
16
17
18
19
92
0
1
2
3
4
5
6
7
8
9
10
11
12
13
14
15
16
17
18
19
92
0
1
2
3
4
5
6
7
8
9
10
11
12
13
14
15
16
17
18
19
92
92
0
1
2
3
4
0
1
2
5
6
7
8
9
10
3
4
11
12
13
5
6
7
8
9
10
14
15
16
17
18
19
11
12
13
14
15
16
17
18
19
92
0
1
2
3
4
5
6
7
8
9
10
11
12
13
14
15
16
17
18
19
92
0
1
2
3
4
5
6
7
8
9
10
11
12
13
14
15
16
17
18
19
92
0
1
2
3
4
5
6
7
8
9
10
11
12
13
14
15
16
17
18
19
92
0
1
2
3
4
92
5
6
7
8
9
10
0
1
2
11
12
13
3
4
14
15
16
17
18
19
5
6
7
8
9
10
11
12
13
14
15
16
17
18
19
92
0
1
2
3
4
5
6
7
8
9
10
11
12
13
14
15
16
17
18
19
92
0
1
2
3
4
5
6
7
8
9
10
11
12
13
14
15
16
17
18
19
92
92
0
1
2
0
1
2
3
4
3
4
5
6
7
8
9
10
5
6
7
8
9
10
11
12
13
11
12
13
14
15
16
17
18
19
14
15
16
17
18
19
92
0
1
2
3
4
5
6
7
8
9
10
11
12
13
14
15
16
17
18
19
92
0
1
2
3
4
5
6
7
8
9
10
11
12
13
14
15
16
17
18
19
92
0
1
2
3
4
5
6
7
8
9
10
11
12
13
14
15
16
17
18
19
92
0
1
2
3
4
5
6
7
8
9
10
11
12
13
14
15
16
17
18
19
92
0
1
2
3
4
5
6
7
8
9
10
11
12
13
14
15
16
17
18
19
92
0
1
2
3
4
5
6
7
8
9
10
11
12
13
14
15
16
17
18
19
92
0
1
2
3
4
5
6
7
8
9
10
11
12
13
14
15
16
17
18
19
92
0
1
2
3
4
5
6
7
8
9
10
11
12
13
14
15
16
17
18
19
92
0
1
2
3
4
5
6
7
8
9
10
11
12
13
14
15
16
17
18
19
92
0
1
2
3
4
5
6
7
8
9
10
11
12
13
14
15
16
17
18
19
92
0
1
2
3
4
5
6
7
8
9
10
11
12
13
14
15
16
17
18
19
92
0
1
2
3
4
5
6
7
8
9
10
11
12
13
14
15
16
17
18
19
92
0
1
2
3
4
5
6
7
8
9
10
11
12
13
14
15
16
17
18
19
92
0
1
2
3
4
5
6
7
8
9
10
11
12
13
14
15
16
17
18
19
92
0
1
2
3
4
5
6
7
8
9
10
11
12
13
14
15
16
17
18
19
92
0
1
2
3
4
5
6
7
8
9
10
11
12
13
14
15
16
17
18
19
92
0
1
2
3
4
5
6
7
8
9
10
11
12
13
14
15
16
17
18
19
92
0
1
2
3
4
5
6
7
8
9
10
11
12
13
14
15
16
17
18
19
92
0
1
2
3
4
5
6
7
8
9
10
92
11
12
13
0
1
2
14
15
16
17
18
19
3
4
5
6
7
8
9
10
11
12
13
14
15
16
17
18
19
92
0
1
2
3
4
5
6
7
8
9
10
11
12
13
14
15
16
17
18
19
973
967
968
969
1053
987
974
975
976
977
978
979
980
981
982
983
984
985
986
1034
988
989
990
991
992
993
1025
1026
1027
1028
1029
1030
1031
1032
1033
1057
1054
1055
1056
92
0
1
2
3
4
5
6
7
8
9
10
11
12
13
14
15
16
17
18
19
92
0
1
2
3
4
5
6
7
8
9
10
11
12
13
14
15
16
17
18
19
92
0
1
2
3
4
5
6
7
8
9
10
11
12
13
14
15
16
17
18
19
92
0
1
2
3
4
5
6
7
8
9
10
11
12
13
14
15
16
17
18
19
92
0
1
2
3
4
5
6
7
8
9
10
11
12
13
14
15
16
17
18
19
92
92
0
1
2
0
1
2
3
4
3
4
5
6
7
8
9
10
5
6
7
8
9
10
11
12
13
11
12
13
14
15
16
17
18
19
14
15
16
17
18
19
92
0
1
2
3
4
5
6
7
8
9
10
11
12
13
14
15
16
17
18
19
92
0
1
2
3
4
5
6
7
8
9
10
11
12
13
14
15
16
17
18
19
92
0
1
2
3
4
5
6
7
8
9
10
11
12
13
14
15
16
17
18
19
92
0
1
2
3
4
5
6
7
8
9
10
11
12
13
14
15
16
17
18
19
92
0
1
2
3
4
5
6
7
8
9
10
11
12
13
14
15
16
17
18
19
92
0
1
2
3
4
5
6
7
8
9
10
11
12
13
14
15
16
17
18
19
92
0
1
2
3
4
5
6
7
8
9
10
11
12
13
14
15
16
17
18
19
92
0
1
2
3
4
5
6
7
8
9
10
11
12
13
14
15
16
17
18
19
92
0
1
2
3
4
5
6
7
8
9
10
11
12
13
14
15
16
17
18
19
92
0
1
2
3
4
5
6
7
8
9
10
11
12
13
14
15
16
17
18
19
92
0
1
2
3
4
5
6
7
8
9
10
11
12
13
14
15
16
17
18
19
92
0
1
2
3
4
5
6
7
8
9
10
11
12
13
14
15
16
17
18
19
92
0
1
2
3
4
5
6
7
8
9
10
11
12
13
14
15
16
17
18
19
92
0
1
2
3
4
5
6
7
8
9
10
11
12
13
14
15
16
17
18
19
92
0
1
2
3
4
5
6
7
8
9
10
11
12
13
14
15
16
17
18
19
92
0
1
2
3
4
5
6
7
8
9
10
11
12
13
14
15
16
17
18
19
92
92
0
1
2
3
4
0
1
2
5
6
7
8
9
10
3
4
11
12
13
5
6
7
8
9
10
14
15
16
17
18
19
11
12
13
14
15
16
17
18
19
92
0
1
2
3
4
5
6
7
8
9
10
11
12
13
14
15
16
17
18
19
92
0
1
2
3
4
5
6
7
8
9
10
11
12
13
14
15
16
17
18
19
973
967
968
969
1053
987
974
975
976
977
978
979
980
981
982
983
984
985
986
1034
988
989
990
991
992
993
1025
1026
1027
1028
1029
1030
1031
1032
1033
1057
1054
1055
1056
92
0
1
2
3
4
5
6
7
8
9
10
11
12
13
14
15
16
17
18
19
92
0
1
2
3
4
5
6
7
8
9
10
11
12
13
14
15
16
17
18
19
92
0
1
2
3
4
5
6
7
8
9
10
11
12
13
14
15
16
17
18
19
973
967
968
969
1053
987
974
975
976
977
978
979
980
981
982
983
984
985
986
1034
988
989
990
991
992
993
1025
1026
1027
1028
1029
1030
1031
1032
1033
1057
1054
1055
1056
92
0
1
2
3
4
5
6
7
8
9
10
11
12
13
14
15
16
17
18
19
92
0
1
2
3
4
5
6
7
8
9
10
11
12
13
14
15
16
17
18
19
92
92
0
1
2
3
4
0
1
2
3
4
5
6
7
8
9
10
11
12
13
5
6
7
8
9
10
11
12
13
14
15
16
17
18
19
14
15
16
17
18
19
92
0
1
2
3
4
5
6
7
8
9
10
11
12
13
14
15
16
17
18
19
92
0
1
2
3
4
92
5
6
7
8
9
10
92
92
11
12
13
0
1
2
0
1
2
0
1
2
14
15
16
17
18
19
3
4
3
4
3
4
5
6
7
8
9
10
5
6
7
8
9
10
5
6
7
8
9
10
11
12
13
11
12
13
11
12
13
14
15
16
17
18
19
14
15
16
17
18
19
14
15
16
17
18
19
92
0
1
2
3
4
5
6
7
8
9
10
11
12
13
14
15
16
17
18
19
92
0
1
2
3
4
5
6
7
8
9
10
11
12
13
92
92
14
15
16
17
18
19
0
1
2
0
1
2
3
4
3
4
5
6
7
8
9
10
5
6
7
8
9
10
11
12
13
11
12
13
14
15
16
17
18
19
14
15
16
17
18
19
92
0
1
2
3
4
5
6
7
8
9
10
11
12
13
14
15
16
17
18
19
92
0
1
2
3
4
5
6
7
8
9
10
11
12
13
14
15
16
17
18
19
92
0
1
2
3
4
5
6
7
8
9
10
11
12
13
14
15
16
17
18
19
92
0
1
2
3
4
5
6
7
8
9
10
11
12
13
14
15
16
17
18
19
973
967
968
969
1053
987
974
975
976
977
978
979
980
981
982
983
984
985
986
1034
988
989
990
991
992
993
1025
1026
1027
92
1028
1029
1030
1031
1032
1033
1057
0
1
2
1054
1055
1056
3
4
5
6
7
8
9
10
11
12
13
14
15
16
17
18
19
973
967
968
969
1053
987
974
975
976
977
978
979
980
981
982
983
984
985
986
1034
988
989
990
991
992
993
1025
1026
1027
1028
1029
1030
1031
1032
1033
1057
1054
1055
1056
973
967
968
969
1053
987
974
975
976
977
978
979
980
981
982
983
984
985
986
1034
988
989
990
991
992
993
1025
1026
1027
1028
1029
1030
1031
1032
1033
1057
1054
1055
1056
973
967
968
969
1053
987
974
975
976
977
978
979
980
981
982
983
984
985
986
1034
988
989
990
991
992
993
1025
1026
1027
1028
1029
1030
1031
1032
1033
1057
1054
1055
1056
973
967
968
969
1053
987
974
975
976
977
978
979
980
981
982
983
984
985
986
1034
988
989
990
991
992
993
1025
1026
1027
1028
1029
1030
1031
1032
1033
1057
1054
1055
1056
973
967
968
969
1053
987
974
975
976
977
978
979
980
981
982
983
984
985
986
1034
988
989
990
991
992
993
1025
1026
1027
1028
1029
1030
1031
1032
1033
1057
1054
1055
1056
973
967
968
969
1053
987
974
975
976
977
978
979
980
981
982
983
984
985
986
1034
988
989
990
991
992
993
1025
1026
1027
1028
1029
1030
1031
1032
1033
1057
1054
1055
1056
973
967
968
969
1053
987
974
975
976
977
978
979
980
981
982
983
984
985
986
1034
988
989
990
991
992
993
1025
1026
1027
1028
1029
1030
1031
1032
1033
1057
1054
1055
1056
973
967
968
969
1053
987
974
975
976
977
978
979
980
981
982
983
984
985
986
1034
988
989
990
991
992
993
1025
1026
1027
1028
1029
1030
1031
1032
1033
1057
1054
1055
1056
973
967
968
969
1053
987
974
975
976
977
978
979
980
981
982
983
984
985
986
1034
988
989
990
991
992
993
1025
1026
1027
1028
1029
1030
1031
1032
1033
1057
1054
1055
1056
973
967
968
969
1053
987
974
975
976
977
978
979
980
981
982
983
984
985
986
1034
988
989
990
991
992
993
1025
1026
1027
1028
1029
1030
1031
1032
1033
1057
1054
1055
1056
973
967
968
969
1053
987
974
975
976
977
978
979
980
981
982
983
984
985
986
1034
988
989
990
991
992
993
1025
1026
1027
1028
1029
1030
1031
1032
1033
1057
1054
1055
1056
973
967
968
969
1053
987
974
975
976
977
978
979
980
981
982
983
984
985
986
1034
988
989
990
991
992
993
1025
1026
1027
1028
1029
1030
1031
1032
1033
1057
1054
1055
1056
973
967
968
969
1053
987
974
975
976
977
978
979
980
981
982
983
984
985
986
1034
988
989
990
991
992
993
1025
1026
1027
1028
1029
1030
1031
1032
1033
1057
1054
1055
1056
92
0
1
2
3
4
5
6
7
8
9
10
11
12
13
14
15
16
17
18
19
92
0
1
2
3
4
5
6
7
8
9
10
11
12
13
14
15
16
17
18
19
92
0
1
2
3
4
5
6
7
8
9
10
11
12
13
14
15
16
17
18
19
92
0
1
2
3
4
5
6
7
8
9
10
11
12
13
14
15
16
17
18
19
92
0
1
2
3
4
5
6
7
8
9
10
11
12
13
14
15
16
17
18
19
92
0
1
2
3
4
5
6
7
8
9
10
11
12
13
14
15
16
17
18
19
92
92
0
1
2
0
1
2
3
4
3
4
5
6
7
8
9
10
5
6
7
8
9
10
11
12
13
11
12
13
14
15
16
17
18
19
14
15
16
17
18
19
973
967
968
969
1053
987
974
975
976
977
978
979
980
981
982
983
984
985
986
1034
988
989
990
991
992
993
1025
1026
1027
1028
1029
1030
1031
1032
1033
1057
1054
1055
1056
92
0
1
2
3
4
5
6
7
8
9
10
11
12
13
14
15
16
17
18
19
92
0
1
2
3
4
5
6
7
8
9
10
11
12
13
14
15
16
17
18
19
973
967
968
969
1053
987
974
975
976
977
978
979
980
981
982
983
984
985
986
1034
988
989
990
991
992
993
1025
1026
1027
1028
1029
1030
1031
1032
1033
1057
1054
1055
1056
973
967
968
969
1053
987
974
975
976
977
978
979
980
981
982
983
984
985
986
1034
988
989
990
991
992
993
1025
1026
1027
1028
1029
1030
1031
1032
1033
1057
1054
1055
1056
92
0
1
2
3
4
5
6
7
8
9
10
11
12
13
14
15
16
17
18
19
92
0
1
2
3
4
5
6
7
8
9
10
11
12
13
14
15
16
17
18
19
92
92
92
92
92
0
1
2
0
1
2
0
1
2
0
1
2
3
4
3
4
0
1
2
3
4
3
4
5
6
7
8
9
10
5
6
7
8
9
10
3
4
5
6
7
8
9
10
5
6
7
8
9
10
11
12
13
11
12
13
5
6
7
8
9
10
11
12
13
11
12
13
14
15
16
17
18
19
14
15
16
17
18
19
11
12
13
14
15
16
17
18
19
14
15
16
17
18
19
14
15
16
17
18
19
92
0
1
2
3
4
5
6
7
8
9
10
11
12
13
14
15
16
17
18
19
92
92
0
1
2
3
4
0
1
2
5
6
7
8
9
10
3
4
11
12
13
5
6
7
8
9
10
14
15
16
17
18
19
11
12
13
14
15
16
17
18
19
92
0
1
2
3
4
5
6
7
8
9
10
11
12
13
14
15
16
17
18
19
973
967
968
969
1053
987
974
975
976
977
978
979
980
981
982
983
984
985
986
1034
988
989
990
991
992
993
1025
1026
1027
1028
1029
1030
1031
1032
1033
1057
1054
1055
1056
973
967
968
969
1053
987
974
975
976
977
978
979
980
981
982
983
984
985
986
1034
988
989
990
991
992
993
1025
1026
1027
1028
1029
1030
1031
1032
1033
1057
1054
1055
1056
92
0
1
2
3
4
5
6
7
8
9
10
11
12
13
14
15
16
17
18
19
973
967
968
969
1053
987
974
975
976
977
978
979
980
981
982
983
984
985
986
1034
988
989
990
991
992
993
1025
1026
1027
1028
1029
1030
1031
1032
1033
1057
1054
1055
1056
92
0
1
2
3
4
5
6
7
8
9
10
11
12
13
14
15
16
17
18
19
973
967
968
969
1053
987
974
975
976
977
978
979
980
981
982
983
984
985
986
1034
988
989
990
991
992
993
1025
1026
1027
1028
1029
1030
1031
1032
1033
1057
1054
1055
1056
92
0
1
2
3
4
5
6
7
8
9
10
11
12
13
14
15
16
17
18
19
92
0
1
2
3
4
5
6
7
8
9
10
11
12
13
14
15
16
17
18
19
973
967
968
969
1053
987
974
975
976
977
978
979
980
981
982
983
984
985
986
1034
988
989
990
991
992
993
1025
1026
1027
1028
1029
1030
1031
1032
1033
1057
1054
1055
1056
92
0
1
2
3
4
5
6
7
8
9
10
11
12
13
14
15
16
17
18
19
92
0
1
2
3
4
5
6
7
8
9
10
11
12
13
14
15
16
17
18
19
92
0
1
2
3
4
5
6
7
8
9
10
11
12
13
14
15
16
17
18
19
973
967
968
969
1053
987
974
975
976
977
978
979
980
981
982
983
984
985
986
1034
988
989
990
991
992
993
1025
1026
1027
1028
1029
1030
1031
1032
1033
1057
1054
1055
1056
973
967
968
969
1053
987
974
975
976
977
978
979
980
981
982
983
984
985
986
1034
988
989
990
991
992
993
1025
1026
1027
1028
1029
1030
1031
1032
1033
1057
1054
1055
1056
973
967
968
969
1053
987
974
975
976
977
978
979
980
981
982
983
984
985
986
1034
988
989
990
991
992
993
1025
1026
1027
1028
1029
1030
1031
1032
1033
1057
1054
1055
1056
973
967
968
969
1053
987
974
975
976
977
978
979
980
981
982
983
984
985
986
1034
988
989
990
991
992
993
1025
1026
1027
1028
1029
1030
1031
1032
1033
1057
1054
1055
1056
973
967
968
969
973
1053
987
967
968
969
1053
974
975
976
987
977
978
979
980
981
982
983
984
985
986
1034
974
975
976
988
989
990
991
992
993
977
978
979
980
981
982
983
984
985
986
1025
1026
1027
1034
1028
1029
1030
1031
1032
1033
988
989
990
991
992
993
1057
1025
1026
1027
1054
1055
1056
1028
1029
1030
1031
1032
1033
1057
1054
1055
1056
973
967
968
969
1053
987
974
975
976
977
978
979
980
981
982
983
984
985
986
1034
988
989
990
991
992
993
1025
1026
1027
1028
1029
1030
1031
1032
1033
1057
1054
1055
1056
973
967
968
969
1053
987
974
975
976
977
978
979
980
981
982
983
984
985
986
1034
988
989
990
991
992
993
1025
1026
1027
1028
1029
1030
1031
1032
1033
1057
1054
1055
1056
973
967
968
969
1053
987
974
975
976
977
978
979
980
981
982
983
984
985
986
1034
988
989
990
991
992
993
1025
1026
1027
1028
1029
1030
1031
1032
1033
1057
1054
1055
1056
973
967
968
969
1053
987
974
975
976
977
978
979
980
981
982
983
984
985
986
973
1034
967
968
969
988
989
990
991
992
993
1053
1025
1026
1027
987
1028
1029
1030
1031
1032
1033
974
975
976
1057
977
978
979
980
981
982
983
984
985
986
1054
1055
1056
1034
988
989
990
991
992
993
1025
1026
1027
1028
1029
1030
1031
1032
1033
1057
1054
1055
1056
973
967
968
969
1053
987
974
975
976
977
978
979
980
981
982
983
984
985
986
1034
988
989
990
991
992
993
1025
1026
1027
1028
1029
1030
1031
1032
1033
1057
1054
1055
1056
92
0
1
2
3
4
5
6
7
8
9
10
11
12
13
14
15
16
17
18
19
973
967
968
969
1053
987
974
975
976
977
978
979
980
981
982
983
984
985
986
1034
988
989
990
991
992
993
1025
1026
1027
1028
1029
1030
1031
1032
1033
1057
1054
1055
1056
973
967
968
969
1053
987
974
975
976
977
978
979
980
981
982
983
984
985
986
1034
988
989
990
991
992
993
1025
1026
1027
1028
1029
1030
1031
1032
1033
1057
1054
1055
1056
92
0
1
2
3
4
5
6
7
8
9
10
11
12
13
14
15
16
17
18
19
92
0
1
2
3
4
5
6
7
8
9
10
11
12
13
14
15
16
17
18
19
92
0
1
2
3
4
5
6
7
8
9
10
11
12
13
14
15
16
17
18
19
92
0
1
2
3
4
5
6
7
8
9
10
11
12
13
14
15
16
17
18
19
92
0
1
2
3
4
5
6
7
8
9
10
11
12
13
14
15
16
17
18
19
92
0
1
2
3
4
5
6
7
8
9
10
11
12
13
14
15
16
17
18
19
92
0
1
2
3
4
5
6
7
8
9
10
11
12
13
14
15
16
17
18
19
92
92
0
1
2
0
1
2
3
4
3
4
5
6
7
8
9
10
5
6
7
8
9
10
11
12
13
11
12
13
14
15
16
17
18
19
14
15
16
17
18
19
92
0
1
2
3
4
5
6
7
8
9
10
11
12
13
14
15
16
17
18
19
92
0
1
2
3
4
5
6
7
8
9
10
11
12
13
14
15
16
17
18
19
92
0
1
2
3
4
5
6
7
8
9
10
11
12
13
14
15
16
17
18
19
92
0
1
2
3
4
5
6
7
8
9
10
11
12
13
14
15
16
17
18
19
973
967
968
969
1053
987
974
975
976
977
978
979
980
981
982
983
984
985
986
1034
988
989
990
991
992
993
1025
1026
1027
1028
1029
1030
1031
1032
1033
1057
1054
1055
1056
973
967
968
969
1053
987
974
975
976
977
978
979
980
981
982
983
984
985
986
1034
988
989
990
991
992
993
1025
1026
1027
1028
1029
1030
1031
1032
1033
1057
1054
1055
1056
973
967
968
969
1053
987
974
975
976
977
978
979
980
981
982
983
984
985
986
1034
988
989
990
991
992
993
1025
1026
1027
1028
1029
1030
1031
1032
1033
1057
1054
1055
1056
973
967
968
969
1053
987
974
975
976
977
978
979
980
981
982
983
984
985
986
1034
988
989
990
991
992
993
1025
1026
1027
1028
1029
1030
1031
1032
1033
1057
1054
1055
1056
973
967
968
969
1053
987
974
975
976
977
978
979
980
981
982
983
984
985
986
1034
988
989
990
991
992
993
1025
1026
1027
1028
1029
1030
1031
1032
1033
1057
1054
1055
1056
973
967
968
969
1053
987
974
975
976
977
978
979
980
981
982
983
984
985
986
1034
988
989
990
991
992
993
1025
1026
1027
1028
1029
1030
1031
1032
1033
1057
1054
1055
1056
973
967
968
969
1053
987
974
975
976
977
978
979
980
981
982
983
984
985
986
1034
988
989
990
991
992
993
1025
1026
1027
1028
1029
1030
1031
1032
1033
1057
1054
1055
1056
973
967
968
969
1053
987
974
975
976
977
978
979
980
981
982
983
984
985
986
1034
988
989
990
991
992
993
1025
1026
1027
1028
1029
1030
1031
1032
1033
1057
1054
1055
1056
973
967
968
969
1053
987
974
975
976
977
978
979
980
981
982
983
984
985
986
1034
988
989
990
991
992
993
1025
1026
1027
1028
1029
1030
1031
1032
1033
1057
1054
1055
1056
973
967
968
969
1053
987
974
975
976
977
978
979
980
981
982
983
984
985
986
1034
988
989
990
991
992
993
1025
1026
1027
1028
1029
1030
1031
1032
1033
1057
1054
1055
1056
973
967
968
969
1053
987
974
975
976
977
978
979
980
981
982
983
984
985
986
1034
988
989
990
991
992
993
1025
1026
1027
1028
1029
1030
1031
1032
1033
1057
1054
1055
1056
973
967
968
969
1053
987
974
975
976
977
978
979
980
981
982
983
984
985
986
1034
988
989
990
991
992
993
1025
1026
1027
1028
1029
1030
1031
1032
1033
1057
1054
1055
1056
92
0
1
2
3
4
5
6
7
8
9
10
11
12
13
14
15
16
17
18
19
92
0
1
2
3
4
5
6
7
8
9
10
11
12
13
14
15
16
17
18
19
92
0
1
2
3
4
5
6
7
8
9
10
11
12
13
14
15
16
17
18
19
92
0
1
2
3
4
5
6
7
8
9
10
11
12
13
14
15
16
17
18
19
92
0
1
2
3
4
5
6
7
8
9
10
11
12
13
14
15
16
17
18
19
92
0
1
2
3
4
5
6
7
8
9
10
11
12
13
14
15
16
17
18
19
92
0
1
2
3
4
5
6
7
8
9
10
11
12
13
14
15
16
17
18
19
92
0
1
2
3
4
5
6
7
8
9
10
11
12
13
14
15
16
17
18
19
92
0
1
2
3
4
5
6
7
8
9
10
11
12
13
14
15
16
17
18
19
92
0
1
2
3
4
5
6
7
8
9
10
11
12
13
14
15
16
17
18
19
92
0
1
2
3
4
5
6
7
8
9
10
11
12
13
14
15
16
17
18
19
92
0
1
2
3
4
5
6
7
8
9
10
11
12
13
14
15
16
17
18
19
92
0
1
2
3
4
5
6
7
8
9
10
11
12
13
14
15
16
17
18
19
92
0
1
2
3
4
5
6
7
8
9
10
11
12
13
14
15
16
17
18
19
92
92
0
1
2
0
1
2
3
4
3
4
5
6
7
8
9
10
5
6
7
8
9
10
11
12
13
11
12
13
14
15
16
17
18
19
14
15
16
17
18
19
92
0
1
2
3
4
5
6
7
8
9
10
11
12
13
14
15
16
17
18
19
92
0
1
2
3
4
5
6
7
8
9
10
11
12
13
14
15
16
17
18
19
92
0
1
2
3
4
5
6
7
8
9
10
11
12
13
14
15
16
17
18
19
92
92
0
1
2
0
1
2
3
4
3
4
5
6
7
8
9
10
5
6
7
8
9
10
11
12
13
11
12
13
14
15
16
17
18
19
14
15
16
17
18
19
92
0
1
2
3
4
5
6
7
8
9
10
11
12
13
14
15
16
17
18
19
92
0
1
2
3
4
5
6
7
8
9
10
11
12
13
14
15
16
17
18
19
92
0
1
2
3
4
5
6
7
8
9
10
11
12
13
14
15
16
17
18
19
92
0
1
2
3
4
5
6
7
8
9
10
11
12
13
14
15
16
17
18
19
93
99
94
95
96
97
98
973
967
968
969
970
972
971
92
0
1
2
3
4
5
6
7
8
9
10
11
12
13
14
15
16
17
18
19
92
0
1
2
3
4
5
6
7
8
9
10
11
12
13
14
15
16
17
18
19
92
0
1
2
3
4
5
6
7
8
9
10
11
12
13
14
15
16
17
18
19
92
92
0
1
2
0
1
2
3
4
3
4
5
6
7
8
9
10
5
6
7
8
9
10
11
12
13
11
12
13
14
15
16
17
18
19
14
15
16
17
18
19
92
0
1
2
3
4
5
6
7
8
9
10
11
12
13
14
15
16
17
18
19
92
0
1
2
3
4
5
6
7
8
9
10
11
12
13
14
15
16
17
18
19
92
0
1
2
3
4
5
6
7
8
9
10
11
12
13
14
15
16
17
18
19
92
0
1
2
3
4
5
6
7
8
9
10
11
12
13
14
15
16
17
18
19
92
0
1
2
3
4
5
6
7
8
9
10
11
12
13
14
15
16
17
18
19
92
0
1
2
3
4
5
6
7
8
9
10
11
12
13
14
15
16
17
18
19
92
0
1
2
3
4
5
6
7
8
9
10
11
12
13
14
15
16
17
18
19
92
0
1
2
3
4
5
6
7
8
9
10
11
12
13
14
15
16
17
18
19
92
0
1
2
3
4
5
6
7
8
9
10
11
12
13
14
15
16
17
18
19
92
0
1
2
3
4
5
6
7
8
9
10
11
12
13
14
15
16
17
18
19
92
0
1
2
3
4
5
6
7
8
9
10
11
12
13
14
15
16
17
18
19
92
0
1
2
3
4
5
6
7
8
9
10
11
12
13
14
15
16
17
18
19
92
0
1
2
3
4
5
6
7
8
9
10
11
12
13
14
15
16
17
18
19
294
295
296
297
298
299
306
300
301
302
303
304
305
307
333
308
309
310
339
334
335
336
337
338
351
340
341
342
343
344
345
346
347
348
349
350
367
352
353
354
355
356
357
358
359
360
361
362
363
364
365
366
368
636
369
370
371
393
380
381
382
383
384
385
386
387
372
373
374
375
376
377
378
379
388
389
390
391
392
631
394
395
396
635
632
633
634
655
637
638
639
640
641
642
643
644
645
646
647
648
649
650
651
652
653
654
672
656
657
658
659
660
661
662
663
664
665
666
667
668
669
670
671
689
673
674
675
676
677
678
679
680
681
682
683
684
685
686
687
688
701
690
691
692
693
694
695
696
697
698
699
700
115
100
101
102
103
104
105
106
107
108
109
110
111
112
113
114
229
119
116
117
118
141
128
129
130
131
132
133
134
135
120
121
122
123
124
125
126
127
136
137
138
139
140
180
156
157
142
143
144
145
146
147
148
149
150
151
152
153
154
155
158
159
160
161
162
192
181
182
183
184
185
186
187
188
189
190
191
228
204
205
193
194
195
196
197
198
199
200
201
202
203
206
207
208
209
210
211
227
212
213
214
215
216
217
218
219
220
221
222
223
224
225
226
92
0
1
2
3
4
5
6
7
8
9
10
11
12
13
14
15
16
17
18
19
92
0
1
2
3
4
5
6
7
8
9
10
11
12
13
14
15
16
17
18
19
92
0
1
2
3
4
5
6
7
8
9
10
11
12
13
14
15
16
17
18
19
92
0
1
2
3
4
5
6
7
8
9
10
11
12
13
14
15
16
17
18
19
92
0
1
2
3
4
5
6
7
8
9
10
11
12
13
14
15
16
17
18
19
92
0
1
2
3
4
5
6
7
8
9
10
11
12
13
14
15
16
17
18
19
92
92
0
1
2
0
1
2
3
4
3
4
5
6
7
8
9
10
5
6
7
8
9
10
11
12
13
11
12
13
14
15
16
17
18
19
14
15
16
17
18
19
92
0
1
2
3
4
5
6
7
8
9
10
11
12
13
14
15
16
17
18
19
92
0
1
2
3
4
5
6
7
8
9
10
11
12
13
14
15
16
17
18
19
92
92
0
1
2
3
4
0
1
2
5
6
7
8
9
10
3
4
11
12
13
5
6
7
8
9
10
14
15
16
17
18
19
11
12
13
14
15
16
17
18
19
92
0
1
2
3
4
5
6
7
8
9
10
11
12
13
14
15
16
17
18
19
92
0
1
2
3
4
5
6
7
8
9
10
11
12
13
14
15
16
17
18
19
293
230
231
232
235
236
237
238
239
240
283
241
242
251
252
253
254
255
256
257
258
243
244
245
246
247
248
249
250
259
260
261
262
263
275
276
277
278
279
280
281
282
264
265
266
267
268
269
270
271
272
273
274
292
284
285
286
287
288
289
290
291
973
967
968
969
1053
987
974
975
976
977
978
979
980
981
982
983
984
985
986
1034
988
989
990
991
992
993
1025
1026
1027
1028
1029
1030
1031
1032
1033
1057
1054
1055
1056
233
234
92
0
1
2
3
4
5
6
7
8
9
10
11
12
13
14
15
16
17
18
19
973
967
968
969
1053
987
974
975
976
977
978
979
980
981
982
983
984
985
986
1034
988
989
990
991
992
993
1025
1026
1027
1028
1029
1030
1031
1032
1033
1057
1054
1055
1056
92
0
1
2
3
4
5
6
7
8
9
10
11
12
13
14
15
16
17
18
19
973
967
968
969
1053
987
974
975
976
977
978
979
980
981
982
983
984
985
986
1034
988
989
990
991
992
993
1025
1026
1027
1028
1029
1030
1031
1032
1033
1057
1054
1055
1056
92
0
1
2
3
4
5
6
7
8
9
10
11
12
13
14
15
16
17
18
19
92
0
1
2
3
4
5
6
7
8
9
10
11
12
13
14
15
16
17
18
19
973
967
968
969
1053
987
974
975
976
977
978
979
980
981
982
983
984
985
986
1034
988
989
990
991
992
993
1025
1026
1027
1028
1029
1030
1031
1032
1033
1057
1054
1055
1056
92
0
1
2
3
4
5
6
7
8
9
10
11
12
13
14
15
16
17
18
19
973
967
968
969
1053
987
974
975
976
977
978
979
980
981
982
983
984
985
986
1034
988
989
990
991
992
993
1025
1026
1027
1028
1029
1030
1031
1032
1033
1057
1054
1055
1056
92
0
1
2
3
4
5
6
7
8
9
10
11
12
13
14
15
16
17
18
19
973
967
968
969
1053
987
974
975
976
977
978
979
980
981
982
983
984
985
986
1034
988
989
990
991
992
993
1025
1026
1027
1028
1029
1030
1031
1032
1033
1057
1054
1055
1056
179
169
170
171
172
173
163
164
165
166
167
168
174
175
176
177
178
