1618
1619
1620
1621
1622
1623
1624
1625
1626
1627
1662
1643
1644
1645
1638
1639
1640
1641
1642
1636
1637
1628
1629
1630
1631
1632
1633
1634
1635
1646
1647
1648
1649
1650
1651
1652
1653
1654
1655
1656
1657
1658
1659
1660
1661
1663
1664
1665
1666
1667
1668
1669
1670
1671
1672
1673
1708
1689
1690
1691
1684
1685
1686
1687
1688
1682
1683
1674
1675
1676
1677
1678
1679
1680
1681
1692
1693
1694
1695
1696
1697
1698
1699
1700
1701
1702
1703
1704
1705
1706
1707
1709
1664
1665
1666
1667
1668
1669
1670
1671
1672
1673
1708
1689
1690
1691
1684
1685
1686
1687
1688
1682
1683
1674
1675
1676
1677
1678
1679
1680
1681
1692
1693
1694
1695
1696
1697
1698
1699
1700
1701
1702
1703
1704
1705
1706
1707
1709
1592
1593
1594
1595
1596
1597
1568
1119
1120
1121
1113
1114
1115
1116
1117
1118
1122
1123
1124
1125
1126
1150
1151
1152
1144
1145
1146
1147
1148
1149
1153
1154
1155
1156
1157
1244
1245
1246
1238
1239
1240
1241
1242
1243
1247
1248
1249
1250
1251
1303
1281
1282
1283
1284
1285
1270
1271
1272
1258
1259
1260
1261
1262
1252
1253
1254
1255
1256
1257
1263
1264
1265
1266
1267
1268
1269
1273
1274
1275
1276
1277
1278
1279
1280
1286
1287
1288
1289
1290
1291
1292
1293
1294
1295
1296
1297
1298
1299
1300
1301
1302
1355
1333
1334
1335
1336
1337
1322
1323
1324
1310
1311
1312
1313
1314
1304
1305
1306
1307
1308
1309
1315
1316
1317
1318
1319
1320
1321
1325
1326
1327
1328
1329
1330
1331
1332
1338
1339
1340
1341
1342
1343
1344
1345
1346
1347
1348
1349
1350
1351
1352
1353
1354
1383
1362
1363
1364
1356
1357
1358
1359
1360
1361
1365
1366
1367
1368
1369
1370
1371
1372
1373
1374
1375
1376
1377
1378
1379
1380
1381
1382
1575
1569
1570
1571
1572
1573
1574
1598
1599
1600
1601
1602
1603
1604
1605
1606
1607
1608
1609
1610
17
18
19
20
21
6
7
8
0
1
2
3
4
5
9
10
11
12
13
14
15
16
22
23
24
25
26
27
28
46
47
48
49
50
35
36
37
29
30
31
32
33
34
38
39
40
41
42
43
44
45
51
52
53
54
55
56
57
75
76
77
78
79
64
65
66
58
59
60
61
62
63
67
68
69
70
71
72
73
74
80
81
82
83
84
85
86
93
94
95
87
88
89
90
91
92
96
97
98
99
100
101
102
103
311
282
283
284
285
286
255
256
257
258
259
250
251
252
253
254
260
261
262
263
264
265
266
267
268
269
270
223
224
225
226
227
218
219
220
221
222
228
229
230
231
232
233
234
235
236
237
238
202
203
204
205
206
197
198
199
200
201
207
208
209
210
211
212
213
214
215
216
217
239
240
241
242
243
244
245
246
247
248
249
271
272
273
274
275
276
277
278
279
280
281
287
288
289
290
291
292
293
294
295
296
297
298
299
300
181
182
183
184
185
186
158
159
160
152
153
154
155
156
157
161
162
163
164
165
166
167
168
169
170
129
130
131
123
124
125
126
127
128
132
133
134
135
136
137
138
139
140
141
110
111
112
104
105
106
107
108
109
113
114
115
116
117
118
119
120
121
122
142
143
144
145
146
147
148
149
150
151
171
172
173
174
175
176
177
178
179
180
187
188
189
190
191
192
193
194
195
196
301
302
303
304
305
306
307
308
309
310
321
322
323
315
316
317
318
319
320
324
325
326
327
328
329
330
331
332
333
312
313
314
334
335
336
337
338
339
340
341
342
343
366
367
368
353
354
355
347
348
349
350
351
352
356
357
358
359
360
361
362
363
364
365
369
370
371
372
373
374
375
376
377
378
344
345
346
379
380
381
382
383
384
385
386
387
388
411
412
413
398
399
400
392
393
394
395
396
397
401
402
403
404
405
406
407
408
409
410
414
415
416
417
418
419
420
421
422
423
389
390
391
424
425
426
427
428
429
430
431
432
433
443
444
445
437
438
439
440
441
442
446
447
448
449
450
451
452
453
454
455
434
435
436
456
457
458
459
460
461
462
463
464
465
550
536
537
538
539
540
541
516
517
518
519
520
510
511
512
513
514
515
521
522
523
524
525
526
527
490
491
492
493
494
484
485
486
487
488
489
495
496
497
498
499
500
501
472
473
474
475
476
466
467
468
469
470
471
477
478
479
480
481
482
483
502
503
504
505
506
507
508
509
528
529
530
531
532
533
534
535
542
543
544
545
546
547
548
549
1611
1612
1618
1619
1620
1621
1622
1623
1624
1625
1626
1627
1662
1643
1644
1645
1638
1639
1640
1641
1642
1636
1637
1628
1629
1630
1631
1632
1633
1634
1635
1646
1647
1648
1649
1650
1651
1652
1653
1654
1655
1656
1657
1658
1659
1660
1661
1663
1576
1577
1578
1579
1580
1581
1582
1583
1584
1585
1586
1587
1588
1591
1589
1590
1105
557
558
559
551
552
553
554
555
556
560
561
562
563
564
588
589
590
582
583
584
585
586
587
591
592
593
594
595
704
705
706
698
699
700
701
702
703
707
708
709
710
711
774
752
753
754
755
756
733
734
735
721
722
723
724
725
715
716
717
718
719
720
726
727
728
729
730
731
732
736
737
738
739
740
741
742
743
712
713
714
744
745
746
747
748
749
750
751
757
758
759
760
761
762
763
764
765
766
767
768
769
770
771
772
773
837
815
816
817
818
819
796
797
798
784
785
786
787
788
778
779
780
781
782
783
789
790
791
792
793
794
795
799
800
801
802
803
804
805
806
775
776
777
807
808
809
810
811
812
813
814
820
821
822
823
824
825
826
827
828
829
830
831
832
833
834
835
836
876
847
848
849
841
842
843
844
845
846
850
851
852
853
854
855
856
857
838
839
840
858
859
860
861
862
863
864
865
866
867
868
869
870
871
872
873
874
875
1112
1106
1107
1108
1109
1110
1111
