0
1
2
3
4
5
6
7
8
9
37
18
19
20
10
11
12
13
14
15
16
17
5500
4264
4265
4256
4257
4258
4259
4260
4261
4262
4263
4266
4267
4268
4269
4270
4287
4271
4272
4273
4274
4275
4276
4277
4278
4279
4280
4281
4282
4283
4284
4285
4286
4353
4288
4289
4290
4291
4292
4293
4294
4295
4327
4304
4305
4296
4297
4298
4299
4300
4301
4302
4303
4306
4307
4308
4309
4310
4344
4328
4329
4330
4331
4332
4333
4334
4335
4336
4337
4338
4339
4340
4341
4342
4343
4345
4351
4346
4347
4348
4349
4350
4352
5513
5501
5502
5503
5504
5505
5506
5507
5508
5509
5510
5511
5512
5520
5514
5515
5516
5517
5518
5519
21
22
23
24
25
26
27
28
29
30
31
32
33
34
35
36
38
39
40
41
42
43
44
45
46
47
48
76
57
58
59
49
50
51
52
53
54
55
56
7343
5529
5530
5521
5522
5523
5524
5525
5526
5527
5528
5531
5532
5533
5534
5535
5552
5536
5537
5538
5539
5540
5541
5542
5543
5544
5545
5546
5547
5548
5549
5550
5551
5620
5553
5554
5555
5556
5557
5558
5559
5560
5594
5569
5570
5561
5562
5563
5564
5565
5566
5567
5568
5571
5572
5573
5574
5575
5611
5595
5596
5597
5598
5599
5600
5601
5602
5603
5604
5605
5606
5607
5608
5609
5610
5612
5618
5613
5614
5615
5616
5617
5619
7356
7344
7345
7346
7347
7348
7349
7350
7351
7352
7353
7354
7355
7363
7357
7358
7359
7360
7361
7362
60
61
62
63
64
65
66
67
68
69
70
71
72
73
74
75
77
78
79
80
81
82
83
84
85
86
87
115
96
97
98
88
89
90
91
92
93
94
95
3824
3476
3477
3468
3469
3470
3471
3472
3473
3474
3475
3478
3479
3480
3481
3482
3499
3483
3484
3485
3486
3487
3488
3489
3490
3491
3492
3493
3494
3495
3496
3497
3498
3565
3500
3501
3502
3503
3504
3505
3506
3507
3539
3516
3517
3508
3509
3510
3511
3512
3513
3514
3515
3518
3519
3520
3521
3522
3556
3540
3541
3542
3543
3544
3545
3546
3547
3548
3549
3550
3551
3552
3553
3554
3555
3557
3563
3558
3559
3560
3561
3562
3564
3837
3825
3826
3827
3828
3829
3830
3831
3832
3833
3834
3835
3836
3844
3838
3839
3840
3841
3842
3843
99
100
101
102
103
104
105
106
107
108
109
110
111
112
113
114
116
156
157
158
159
160
161
162
163
164
165
193
174
175
176
166
167
168
169
170
171
172
173
2110
242
243
234
235
236
237
238
239
240
241
244
245
246
247
248
265
249
250
251
252
253
254
255
256
257
258
259
260
261
262
263
264
2109
274
275
276
277
278
266
267
268
269
270
271
272
273
279
280
281
282
283
302
303
304
305
306
307
308
309
310
2084
2059
2060
2051
2052
2053
2054
2055
2056
2057
2058
2061
2062
2063
2064
2065
2101
2085
2086
2087
2088
2089
2090
2091
2092
2093
2094
2095
2096
2097
2098
2099
2100
2102
2108
2103
2104
2105
2106
2107
2123
2111
2112
2113
2114
2115
2116
2117
2118
2119
2120
2121
2122
2130
2124
2125
2126
2127
2128
2129
177
178
179
180
181
182
183
184
185
186
187
188
189
190
191
192
194
117
118
119
120
121
122
123
124
125
126
154
135
136
137
127
128
129
130
131
132
133
134
4235
3853
3854
3845
3846
3847
3848
3849
3850
3851
3852
3855
3856
3857
3858
3859
3876
3860
3861
3862
3863
3864
3865
3866
3867
3868
3869
3870
3871
3872
3873
3874
3875
3944
3877
3878
3879
3880
3881
3882
3883
3884
3918
3893
3894
3885
3886
3887
3888
3889
3890
3891
3892
3895
3896
3897
3898
3899
3935
3919
3920
3921
3922
3923
3924
3925
3926
3927
3928
3929
3930
3931
3932
3933
3934
3936
3942
3937
3938
3939
3940
3941
3943
4248
4236
4237
4238
4239
4240
4241
4242
4243
4244
4245
4246
4247
4255
4249
4250
4251
4252
4253
4254
138
139
140
141
142
143
144
145
146
147
148
149
150
151
152
153
155
195
196
197
198
199
200
201
202
203
204
232
213
214
215
205
206
207
208
209
210
211
212
3447
2139
2140
2131
2132
2133
2134
2135
2136
2137
2138
2141
2142
2143
2144
2145
2162
2146
2147
2148
2149
2150
2151
2152
2153
2154
2155
2156
2157
2158
2159
2160
2161
2230
2163
2164
2165
2166
2167
2168
2169
2170
2204
2179
2180
2171
2172
2173
2174
2175
2176
2177
2178
2181
2182
2183
2184
2185
2221
2205
2206
2207
2208
2209
2210
2211
2212
2213
2214
2215
2216
2217
2218
2219
2220
2222
2228
2223
2224
2225
2226
2227
2229
3460
3448
3449
3450
3451
3452
3453
3454
3455
3456
3457
3458
3459
3467
3461
3462
3463
3464
3465
3466
216
217
218
219
220
221
222
223
224
225
226
227
228
229
230
231
233
195
196
197
198
199
200
201
202
203
204
232
213
214
215
205
206
207
208
209
210
211
212
3447
2139
2140
2131
2132
2133
2134
2135
2136
2137
2138
2141
2142
2143
2144
2145
2162
2146
2147
2148
2149
2150
2151
2152
2153
2154
2155
2156
2157
2158
2159
2160
2161
2230
2163
2164
2165
2166
2167
2168
2169
2170
2204
2179
2180
2171
2172
2173
2174
2175
2176
2177
2178
2181
2182
2183
2184
2185
2221
2205
2206
2207
2208
2209
2210
2211
2212
2213
2214
2215
2216
2217
2218
2219
2220
2222
2228
2223
2224
2225
2226
2227
2229
3460
3448
3449
3450
3451
3452
3453
3454
3455
3456
3457
3458
3459
3467
3461
3462
3463
3464
3465
3466
216
217
218
219
220
221
222
223
224
225
226
227
228
229
230
231
233
2260
2236
2237
2238
2239
2240
2241
2242
2243
2231
2232
2233
2234
2235
2244
2245
2246
2247
2248
2249
2250
2251
2252
2253
2254
2255
2256
2257
2258
2259
2294
2269
2270
2261
2262
2263
2264
2265
2266
2267
2268
2271
2272
2273
2274
2275
3418
2303
2304
2305
2306
2307
2295
2296
2297
2298
2299
2300
2301
2302
2308
2309
2310
2311
2312
2342
2343
2344
2345
2346
2334
2335
2336
2337
2338
2339
2340
2341
2347
2348
2349
2350
2351
2799
2800
2801
2802
2803
2791
2792
2793
2794
2795
2796
2797
2798
2804
2805
2806
2807
2808
3398
3395
3396
3397
3417
3409
3410
3411
3412
3413
3414
3415
3416
3404
3405
3406
3407
3408
3399
3400
3401
3402
3403
2371
2352
2353
2354
2355
2356
2357
2358
2359
2360
2361
2362
2363
2364
2365
2366
2367
2368
2369
2370
2393
2372
2373
2374
2375
2376
2377
2378
2379
2380
2381
2382
2383
2384
2385
2386
2387
2388
2389
2390
2391
2392
2459
2424
2425
2426
2427
2428
2416
2417
2418
2419
2420
2421
2422
2423
2429
2430
2431
2432
2433
2434
2435
2436
2437
2438
2402
2403
2404
2405
2406
2394
2395
2396
2397
2398
2399
2400
2401
2407
2408
2409
2410
2411
2412
2413
2414
2415
2439
2440
2441
2442
2443
2444
2445
2446
2447
2448
2449
2450
2451
2452
2453
2454
2455
2456
2457
2458
2696
2468
2469
2470
2471
2472
2460
2461
2462
2463
2464
2465
2466
2467
2473
2474
2475
2476
2477
2646
2647
2648
2649
2650
2638
2639
2640
2641
2642
2643
2644
2645
2651
2652
2653
2654
2655
2656
2657
2658
2659
2660
2666
2667
2668
2669
2670
2671
2627
2628
2629
2610
2611
2612
2613
2614
2602
2603
2604
2605
2606
2607
2608
2609
2615
2616
2617
2618
2619
2620
2621
2622
2623
2624
2625
2626
2630
2631
2632
2633
2634
2635
2636
2637
2672
2673
2674
2675
2676
2677
2678
2679
2680
2681
2682
2683
2684
2685
2686
2687
2688
2689
2690
2691
2692
2693
2694
2695
2790
2713
2714
2715
2705
2706
2707
2708
2709
2710
2711
2712
2716
2717
2718
2719
2720
2721
2722
2723
2724
2759
2760
2761
2762
2763
2764
2765
2766
2767
2768
2769
2697
2698
2699
2700
2701
2702
2703
2704
2770
2771
2772
2773
2774
2775
2776
2777
2778
2779
2780
2781
2782
2783
2784
2785
2786
2787
2788
2789
3427
3419
3420
3421
3422
3423
3424
3425
3426
3446
3428
3429
3430
3431
3432
3433
3434
3435
3436
3437
3438
3439
3440
3441
3442
3443
3444
3445
2279
2276
2277
2278
2293
2285
2286
2287
2288
2289
2290
2291
2292
2280
2281
2282
2283
2284
2189
2186
2187
2188
2203
2195
2196
2197
2198
2199
2200
2201
2202
2190
2191
2192
2193
2194
117
118
119
120
121
122
123
124
125
126
154
135
136
137
127
128
129
130
131
132
133
134
4235
3853
3854
3845
3846
3847
3848
3849
3850
3851
3852
3855
3856
3857
3858
3859
3876
3860
3861
3862
3863
3864
3865
3866
3867
3868
3869
3870
3871
3872
3873
3874
3875
3944
3877
3878
3879
3880
3881
3882
3883
3884
3918
3893
3894
3885
3886
3887
3888
3889
3890
3891
3892
3895
3896
3897
3898
3899
3935
3919
3920
3921
3922
3923
3924
3925
3926
3927
3928
3929
3930
3931
3932
3933
3934
3936
3942
3937
3938
3939
3940
3941
3943
4248
4236
4237
4238
4239
4240
4241
4242
4243
4244
4245
4246
4247
4255
4249
4250
4251
4252
4253
4254
138
139
140
141
142
143
144
145
146
147
148
149
150
151
152
153
155
3974
3950
3951
3952
3953
3954
3955
3956
3957
3945
3946
3947
3948
3949
3958
3959
3960
3961
3962
3963
3964
3965
3966
3967
3968
3969
3970
3971
3972
3973
4008
3983
3984
3975
3976
3977
3978
3979
3980
3981
3982
3985
3986
3987
3988
3989
4206
4017
4018
4019
4020
4021
4009
4010
4011
4012
4013
4014
4015
4016
4022
4023
4024
4025
4026
4067
4068
4069
4070
4071
4059
4060
4061
4062
4063
4064
4065
4066
4072
4073
4074
4075
4076
4137
4138
4139
4140
4141
4129
4130
4131
4132
4133
4134
4135
4136
4142
4143
4144
4145
4146
4188
4185
4186
4187
4205
4197
4198
4199
4200
4201
4202
4203
4204
4194
4195
4196
4189
4190
4191
4192
4193
4164
4147
4148
4149
4150
4151
4152
4153
4154
4155
4156
4157
4158
4159
4160
4161
4162
4163
4184
4165
4166
4167
4168
4169
4170
4171
4172
4173
4174
4175
4176
4177
4178
4179
4180
4181
4182
4183
4215
4207
4208
4209
4210
4211
4212
4213
4214
4234
4216
4217
4218
4219
4220
4221
4222
4223
4224
4225
4226
4227
4228
4229
4230
4231
4232
4233
3993
3990
3991
3992
4007
3999
4000
4001
4002
4003
4004
4005
4006
3994
3995
3996
3997
3998
3903
3900
3901
3902
3917
3909
3910
3911
3912
3913
3914
3915
3916
3904
3905
3906
3907
3908
