0
1
2
3
4
5
6
7
8
9
37
18
19
20
10
11
12
13
14
15
16
17
307
86
87
78
79
80
81
82
83
84
85
88
89
90
91
92
109
93
94
95
96
97
98
99
100
101
102
103
104
105
106
107
108
306
281
256
257
248
249
250
251
252
253
254
255
258
259
260
261
262
298
282
283
284
285
286
287
288
289
290
291
292
293
294
295
296
297
299
305
300
301
302
303
304
320
308
309
310
311
312
313
314
315
316
317
318
319
327
321
322
323
324
325
326
21
22
23
24
25
26
27
28
29
30
31
32
33
34
35
36
38
39
40
41
42
43
44
45
46
47
48
76
57
58
59
49
50
51
52
53
54
55
56
600
336
337
328
329
330
331
332
333
334
335
338
339
340
341
342
359
343
344
345
346
347
348
349
350
351
352
353
354
355
356
357
358
427
360
361
362
363
364
365
366
367
401
376
377
368
369
370
371
372
373
374
375
378
379
380
381
382
418
402
403
404
405
406
407
408
409
410
411
412
413
414
415
416
417
419
425
420
421
422
423
424
426
613
601
602
603
604
605
606
607
608
609
610
611
612
620
614
615
616
617
618
619
60
61
62
63
64
65
66
67
68
69
70
71
72
73
74
75
77
