0
1
2
3
4
5
6
7
8
9
200
18
19
10
11
12
13
14
15
16
17
20
21
22
23
24
41
25
26
27
28
29
30
31
32
33
34
35
36
37
38
39
40
75
50
51
42
43
44
45
46
47
48
49
52
53
54
55
56
192
76
77
78
79
80
81
82
83
84
85
86
87
88
89
90
91
92
93
94
95
96
97
98
99
100
101
102
103
193
199
194
195
196
197
198
213
201
202
203
204
205
206
207
208
209
210
211
212
214
215
216
217
218
219
220
221
222
223
224
647
233
234
225
226
227
228
229
230
231
232
235
236
237
238
239
256
240
241
242
243
244
245
246
247
248
249
250
251
252
253
254
255
290
265
266
257
258
259
260
261
262
263
264
267
268
269
270
271
646
291
292
293
294
295
296
297
298
315
299
300
301
302
303
304
305
306
307
308
309
310
311
312
313
314
316
322
317
318
319
320
321
660
648
649
650
651
652
653
654
655
656
657
658
659
661
0
1
2
3
4
5
6
7
8
9
200
18
19
10
11
12
13
14
15
16
17
20
21
22
23
24
213
201
202
203
204
205
206
207
208
209
210
211
212
214
0
1
2
3
4
5
6
7
8
9
200
18
19
10
11
12
13
14
15
16
17
20
21
22
23
24
213
201
202
203
204
205
206
207
208
209
210
211
212
214
0
1
2
3
4
5
6
7
8
9
200
18
19
10
11
12
13
14
15
16
17
20
21
22
23
24
213
201
202
203
204
205
206
207
208
209
210
211
212
214
215
216
217
218
219
220
221
222
223
224
647
233
234
225
226
227
228
229
230
231
232
235
236
237
238
239
256
240
241
242
243
244
245
246
247
248
249
250
251
252
253
254
255
290
265
266
257
258
259
260
261
262
263
264
267
268
269
270
271
646
291
292
293
294
295
296
297
298
315
299
300
301
302
303
304
305
306
307
308
309
310
311
312
313
314
316
322
317
318
319
320
321
660
648
649
650
651
652
653
654
655
656
657
658
659
661
323
324
325
326
327
328
396
337
338
339
340
341
342
343
344
329
330
331
332
333
334
335
336
345
346
347
348
349
350
351
352
353
354
355
356
357
358
359
360
361
362
363
364
365
366
367
368
369
370
371
372
373
374
375
376
377
438
405
406
407
408
409
397
398
399
400
401
402
403
404
410
411
412
413
414
473
450
451
452
453
454
439
440
441
442
443
444
445
446
447
448
449
455
456
457
458
459
460
461
462
463
464
465
466
467
468
469
470
471
472
537
511
512
513
514
515
516
517
518
497
498
499
500
501
482
483
484
485
486
474
475
476
477
478
479
480
481
487
488
489
490
491
492
493
494
495
496
502
503
504
505
506
507
508
509
510
519
520
521
522
523
524
525
526
527
528
529
530
531
532
533
534
535
536
645
546
547
548
549
550
538
539
540
541
542
543
544
545
551
552
553
554
555
564
565
566
567
568
556
557
558
559
560
561
562
563
569
570
571
572
573
574
575
576
577
578
579
580
581
582
599
583
584
585
586
587
588
589
590
591
592
593
594
595
596
597
598
605
600
601
602
603
604
621
606
607
608
609
610
611
612
613
614
615
616
617
618
619
620
625
622
623
624
644
636
637
638
639
640
641
642
643
631
632
633
634
635
626
627
628
629
630
418
415
416
417
437
429
430
431
432
433
434
435
436
424
425
426
427
428
419
420
421
422
423
381
378
379
380
395
387
388
389
390
391
392
393
394
382
383
384
385
386
275
272
273
274
289
281
282
283
284
285
286
287
288
276
277
278
279
280
0
1
2
3
4
5
6
7
8
9
200
18
19
10
11
12
13
14
15
16
17
20
21
22
23
24
213
201
202
203
204
205
206
207
208
209
210
211
212
214
