0
1
2
3
4
5
6
7
8
9
37
18
19
20
10
11
12
13
14
15
16
17
294
86
87
78
79
80
81
82
83
84
85
88
89
90
91
92
109
93
94
95
96
97
98
99
100
101
102
103
104
105
106
107
108
293
268
243
244
235
236
237
238
239
240
241
242
245
246
247
248
249
285
269
270
271
272
273
274
275
276
277
278
279
280
281
282
283
284
286
292
287
288
289
290
291
307
295
296
297
298
299
300
301
302
303
304
305
306
314
308
309
310
311
312
313
21
22
23
24
25
26
27
28
29
30
31
32
33
34
35
36
38
39
40
41
42
43
44
45
46
47
48
76
57
58
59
49
50
51
52
53
54
55
56
566
323
324
315
316
317
318
319
320
321
322
325
326
327
328
329
346
330
331
332
333
334
335
336
337
338
339
340
341
342
343
344
345
565
540
515
516
507
508
509
510
511
512
513
514
517
518
519
520
521
557
541
542
543
544
545
546
547
548
549
550
551
552
553
554
555
556
558
564
559
560
561
562
563
579
567
568
569
570
571
572
573
574
575
576
577
578
586
580
581
582
583
584
585
60
61
62
63
64
65
66
67
68
69
70
71
72
73
74
75
77
