0
1
2
3
4
5
6
7
8
9
37
18
19
20
10
11
12
13
14
15
16
17
1472
86
87
78
79
80
81
82
83
84
85
88
89
90
91
92
109
93
94
95
96
97
98
99
100
101
102
103
104
105
106
107
108
177
110
111
112
113
114
115
116
117
151
126
127
118
119
120
121
122
123
124
125
128
129
130
131
132
168
152
153
154
155
156
157
158
159
160
161
162
163
164
165
166
167
169
175
170
171
172
173
174
176
1485
1473
1474
1475
1476
1477
1478
1479
1480
1481
1482
1483
1484
1492
1486
1487
1488
1489
1490
1491
21
22
23
24
25
26
27
28
29
30
31
32
33
34
35
36
38
39
40
41
42
43
44
45
46
47
48
76
57
58
59
49
50
51
52
53
54
55
56
3248
1824
1825
1816
1817
1818
1819
1820
1821
1822
1823
1826
1827
1828
1829
1830
1847
1831
1832
1833
1834
1835
1836
1837
1838
1839
1840
1841
1842
1843
1844
1845
1846
1915
1848
1849
1850
1851
1852
1853
1854
1855
1889
1864
1865
1856
1857
1858
1859
1860
1861
1862
1863
1866
1867
1868
1869
1870
1906
1890
1891
1892
1893
1894
1895
1896
1897
1898
1899
1900
1901
1902
1903
1904
1905
1907
1913
1908
1909
1910
1911
1912
1914
3261
3249
3250
3251
3252
3253
3254
3255
3256
3257
3258
3259
3260
3268
3262
3263
3264
3265
3266
3267
60
61
62
63
64
65
66
67
68
69
70
71
72
73
74
75
77
39
40
41
42
43
44
45
46
47
48
76
57
58
59
49
50
51
52
53
54
55
56
3248
1824
1825
1816
1817
1818
1819
1820
1821
1822
1823
1826
1827
1828
1829
1830
1847
1831
1832
1833
1834
1835
1836
1837
1838
1839
1840
1841
1842
1843
1844
1845
1846
1915
1848
1849
1850
1851
1852
1853
1854
1855
1889
1864
1865
1856
1857
1858
1859
1860
1861
1862
1863
1866
1867
1868
1869
1870
1906
1890
1891
1892
1893
1894
1895
1896
1897
1898
1899
1900
1901
1902
1903
1904
1905
1907
1913
1908
1909
1910
1911
1912
1914
3261
3249
3250
3251
3252
3253
3254
3255
3256
3257
3258
3259
3260
3268
3262
3263
3264
3265
3266
3267
60
61
62
63
64
65
66
67
68
69
70
71
72
73
74
75
77
1945
1921
1922
1923
1924
1925
1926
1927
1928
1916
1917
1918
1919
1920
1929
1930
1931
1932
1933
1934
1935
1936
1937
1938
1939
1940
1941
1942
1943
1944
2009
1954
1955
1946
1947
1948
1949
1950
1951
1952
1953
1956
1957
1958
1959
1960
1969
1970
1971
1972
1973
1974
1975
1976
1961
1962
1963
1964
1965
1966
1967
1968
1977
1978
1979
1980
1981
1982
1983
1984
1985
1986
1987
1988
1989
1990
3219
2018
2019
2020
2021
2022
2010
2011
2012
2013
2014
2015
2016
2017
2023
2024
2025
2026
2027
2046
2047
2048
2049
2050
2051
2052
2053
2054
2071
2072
2073
2074
2075
2076
2077
2078
2079
2119
2120
2121
2122
2123
2111
2112
2113
2114
2115
2116
2117
2118
2124
2125
2126
2127
2128
2129
2130
2131
2132
2133
2134
2135
2136
2137
2151
2138
2139
2140
2141
2142
2143
2144
2145
2146
2147
2148
2149
2150
2165
2152
2153
2154
2155
2156
2157
2158
2159
2160
2161
2162
2163
2164
2179
2166
2167
2168
2169
2170
2171
2172
2173
2174
2175
2176
2177
2178
3114
2188
2189
2190
2191
2192
2180
2181
2182
2183
2184
2185
2186
2187
2193
2194
2195
2196
2197
2206
2207
2208
2209
2210
2198
2199
2200
2201
2202
2203
2204
2205
2211
2212
2213
2214
2215
2216
2217
2218
2219
2220
2221
2222
2223
2224
2271
2244
2245
2246
2247
2248
2233
2234
2235
2225
2226
2227
2228
2229
2230
2231
2232
2236
2237
2238
2239
2240
2241
2242
2243
2249
2250
2251
2252
2253
2254
2255
2256
2257
2258
2259
2260
2261
2262
2263
2264
2265
2266
2267
2268
2269
2270
2296
2272
2273
2274
2275
2276
2277
2278
2279
1806
1501
1502
1503
1504
1505
1493
1494
1495
1496
1497
1498
1499
1500
1506
1507
1508
1509
1510
1519
1520
1521
1522
1523
1511
1512
1513
1514
1515
1516
1517
1518
1524
1525
1526
1527
1528
1529
1530
1531
1532
1533
1534
1535
1536
1537
1596
1597
1598
1599
1600
1588
1589
1590
1591
1592
1593
1594
1595
1601
1602
1603
1604
1605
1614
1615
1616
1617
1618
1606
1607
1608
1609
1610
1611
1612
1613
1619
1620
1621
1622
1623
1624
1625
1626
1627
1628
1629
1630
1631
1632
1691
1692
1693
1694
1695
1683
1684
1685
1686
1687
1688
1689
1690
1696
1697
1698
1699
1700
1709
1710
1711
1712
1713
1701
1702
1703
1704
1705
1706
1707
1708
1714
1715
1716
1717
1718
1719
1720
1721
1722
1723
1724
1725
1726
1727
1763
1736
1737
1738
1739
1740
1728
1729
1730
1731
1732
1733
1734
1735
1741
1742
1743
1744
1745
1746
1747
1748
1749
1750
1751
1752
1753
1754
1755
1756
1757
1758
1759
1760
1761
1762
1776
1764
1765
1766
1767
1768
1769
1770
1771
1772
1773
1774
1775
1815
1807
1808
1809
1810
1811
1812
1813
1814
2280
2281
2282
2283
2284
2285
2286
2287
2288
2289
2290
2291
2292
2293
2294
2295
2330
2305
2306
2297
2298
2299
2300
2301
2302
2303
2304
2307
2308
2309
2310
2311
2349
2331
2332
2333
2334
2335
2336
2337
2338
2339
2340
2341
2342
2343
2344
2345
2346
2347
2348
3150
3123
3124
3125
3126
3127
3115
3116
3117
3118
3119
3120
3121
3122
3128
3129
3130
3131
3132
3184
3159
3160
3161
3162
3163
3151
3152
3153
3154
3155
3156
3157
3158
3164
3165
3166
3167
3168
3169
3170
3171
3172
3173
3174
3175
3176
3177
3178
3179
3180
3181
3182
3183
3218
3193
3194
3195
3196
3197
3185
3186
3187
3188
3189
3190
3191
3192
3198
3199
3200
3201
3202
3203
3204
3205
3206
3207
3208
3209
3210
3211
3212
3213
3214
3215
3216
3217
3228
3220
3221
3222
3223
3224
3225
3226
3227
3247
3229
3230
3231
3232
3233
3234
3235
3236
3237
3238
3239
3240
3241
3242
3243
3244
3245
3246
1994
1991
1992
1993
2008
2000
2001
2002
2003
2004
2005
2006
2007
1995
1996
1997
1998
1999
1874
1871
1872
1873
1888
1880
1881
1882
1883
1884
1885
1886
1887
1875
1876
1877
1878
1879
