3
0
1
2
4
460
466
461
462
463
546
467
468
469
547
3
0
1
2
4
460
466
461
462
463
464
465
546
467
468
469
547
5
6
10
7
8
9
19
11
12
13
14
15
16
17
18
28
20
21
22
23
24
25
26
27
40
29
30
31
32
33
34
35
36
37
38
39
55
49
50
51
52
53
54
41
42
43
44
45
46
47
48
88
56
57
58
59
60
61
62
63
64
65
66
100
89
90
91
92
93
94
95
96
97
98
99
109
101
102
103
104
105
106
107
108
155
110
111
112
124
113
114
115
116
117
118
119
120
121
122
123
133
125
126
127
128
129
130
131
132
145
134
135
136
137
138
139
140
141
142
143
144
154
146
147
148
149
150
151
152
153
167
156
157
158
159
160
161
162
163
164
165
166
176
168
169
170
171
172
173
174
175
180
177
178
179
184
181
182
183
196
189
190
185
186
187
188
191
192
193
194
195
458
459
3
0
1
2
4
470
531
471
472
473
477
474
475
476
530
484
485
478
479
480
481
482
483
486
487
488
489
490
508
509
510
511
512
513
514
515
516
545
532
533
534
535
536
537
538
539
540
541
542
543
544
501
502
491
492
493
494
495
496
497
498
499
500
503
504
505
506
507
528
517
518
519
520
521
522
523
524
525
526
527
529
