0
12
1
2
3
4
5
6
7
8
9
10
11
15
13
14
16
463
25
17
18
19
20
21
22
23
24
26
29
27
28
35
30
31
32
33
34
495
464
465
466
467
468
469
470
471
472
473
474
486
487
488
489
490
491
492
493
494
38
36
37
44
39
40
41
42
43
50
45
46
47
48
49
54
51
52
53
60
55
56
57
58
59
61
258
70
71
72
62
63
64
65
66
67
68
69
73
74
75
76
77
123
87
88
78
79
80
81
82
83
84
85
86
89
90
91
92
93
103
104
94
95
96
97
98
99
100
101
102
105
106
107
108
109
110
111
112
113
114
115
116
117
118
169
133
134
124
125
126
127
128
129
130
131
132
135
136
137
138
139
149
150
140
141
142
143
144
145
146
147
148
151
152
153
154
155
156
157
158
159
160
161
162
163
164
165
168
166
167
0
12
1
2
3
4
5
6
7
8
9
10
11
15
13
14
16
463
25
17
18
19
20
21
22
23
24
26
29
27
28
35
30
31
32
33
34
495
464
465
466
467
468
469
470
471
472
473
474
486
487
488
489
490
491
492
493
494
38
36
37
44
39
40
41
42
43
50
45
46
47
48
49
54
51
52
53
60
55
56
57
58
59
61
258
70
71
72
62
63
64
65
66
67
68
69
73
74
75
76
77
123
87
88
78
79
80
81
82
83
84
85
86
89
90
91
92
93
103
104
94
95
96
97
98
99
100
101
102
105
106
107
108
109
110
111
112
113
114
115
116
117
118
169
133
134
124
125
126
127
128
129
130
131
132
135
136
137
138
139
149
150
140
141
142
143
144
145
146
147
148
151
152
153
154
155
156
157
158
159
160
161
162
163
164
257
179
180
170
171
172
173
174
175
176
177
178
181
182
183
184
185
208
209
210
211
212
200
201
202
203
204
205
206
207
213
214
215
216
217
227
228
218
219
220
221
222
223
224
225
226
229
230
231
232
233
234
235
236
237
238
239
240
241
242
262
259
260
261
554
542
543
538
539
540
541
544
545
546
547
548
573
559
560
561
562
555
556
557
558
563
564
565
566
567
461
271
272
273
263
264
265
266
267
268
269
270
274
275
276
277
278
288
289
279
280
281
282
283
284
285
286
287
290
291
292
293
294
295
296
297
298
299
300
301
302
303
312
304
305
306
307
308
309
310
311
0
12
1
2
3
4
5
6
7
8
9
10
11
15
13
14
16
463
25
17
18
19
20
21
22
23
24
26
29
27
28
35
30
31
32
33
34
495
464
465
466
467
468
469
470
471
472
473
474
486
487
488
489
490
491
492
493
494
38
36
37
44
39
40
41
42
43
50
45
46
47
48
49
54
51
52
53
60
55
56
57
58
59
61
258
70
71
72
62
63
64
65
66
67
68
69
73
74
75
76
77
123
87
88
78
79
80
81
82
83
84
85
86
89
90
91
92
93
103
104
94
95
96
97
98
99
100
101
102
105
106
107
108
109
110
111
112
113
114
115
116
117
118
169
133
134
124
125
126
127
128
129
130
131
132
135
136
137
138
139
149
150
140
141
142
143
144
145
146
147
148
151
152
153
154
155
156
157
158
159
160
161
162
163
164
257
179
180
170
171
172
173
174
175
176
177
178
181
182
183
184
185
208
209
210
211
212
200
201
202
203
204
205
206
207
213
214
215
216
217
227
228
218
219
220
221
222
223
224
225
226
229
230
231
232
233
234
235
236
237
238
239
240
241
242
262
259
260
261
554
542
543
538
539
540
541
544
545
546
547
548
573
559
560
561
562
555
556
557
558
563
564
565
566
567
461
271
272
273
263
264
265
266
267
268
269
270
274
275
276
277
278
288
289
279
280
281
282
283
284
285
286
287
290
291
292
293
294
295
296
297
298
299
300
301
302
303
312
304
305
306
307
308
309
310
311
0
12
1
2
3
4
5
6
7
8
9
10
11
15
13
14
16
463
25
17
18
19
20
21
22
23
24
26
29
27
28
35
30
31
32
33
34
495
464
465
466
467
468
469
470
471
472
473
474
486
487
488
489
490
491
492
493
494
38
36
37
44
39
40
41
42
43
50
45
46
47
48
49
54
51
52
53
60
55
56
57
58
59
61
258
70
71
72
62
63
64
65
66
67
68
69
73
74
75
76
77
123
87
88
78
79
80
81
82
83
84
85
86
89
90
91
92
93
103
104
94
95
96
97
98
99
100
101
102
105
106
107
108
109
110
111
112
113
114
115
116
117
118
169
133
134
124
125
126
127
128
129
130
131
132
135
136
137
138
139
149
150
140
141
142
143
144
145
146
147
148
151
152
153
154
155
156
157
158
159
160
161
162
163
164
257
179
180
170
171
172
173
174
175
176
177
178
181
182
183
184
185
208
209
210
211
212
200
201
202
203
204
205
206
207
213
214
215
216
217
227
228
218
219
220
221
222
223
224
225
226
229
230
231
232
233
234
235
236
237
238
239
240
241
242
262
259
260
261
554
542
543
538
539
540
541
544
545
546
547
548
573
559
560
561
562
555
556
557
558
563
564
565
566
567
461
271
272
273
263
264
265
266
267
268
269
270
274
275
276
277
278
288
289
279
280
281
282
283
284
285
286
287
290
291
292
293
294
295
296
297
298
299
300
301
302
303
321
322
323
313
314
315
316
317
318
319
320
324
325
326
327
328
338
339
329
330
331
332
333
334
335
336
337
340
341
342
343
344
345
346
347
348
349
350
351
352
353
362
354
355
356
357
358
359
360
361
0
12
1
2
3
4
5
6
7
8
9
10
11
15
13
14
16
463
25
17
18
19
20
21
22
23
24
26
29
27
28
35
30
31
32
33
34
495
464
465
466
467
468
469
470
471
472
473
474
486
487
488
489
490
491
492
493
494
38
36
37
44
39
40
41
42
43
50
45
46
47
48
49
54
51
52
53
60
55
56
57
58
59
61
258
70
71
72
62
63
64
65
66
67
68
69
73
74
75
76
77
123
87
88
78
79
80
81
82
83
84
85
86
89
90
91
92
93
103
104
94
95
96
97
98
99
100
101
102
105
106
107
108
109
110
111
112
113
114
115
116
117
118
169
133
134
124
125
126
127
128
129
130
131
132
135
136
137
138
139
149
150
140
141
142
143
144
145
146
147
148
151
152
153
154
155
156
157
158
159
160
161
162
163
164
257
179
180
170
171
172
173
174
175
176
177
178
181
182
183
184
185
208
209
210
211
212
200
201
202
203
204
205
206
207
213
214
215
216
217
227
228
218
219
220
221
222
223
224
225
226
229
230
231
232
233
234
235
236
237
238
239
240
241
242
262
259
260
261
554
542
543
538
539
540
541
544
545
546
547
548
573
559
560
561
562
555
556
557
558
563
564
565
566
567
461
271
272
273
263
264
265
266
267
268
269
270
274
275
276
277
278
288
289
279
280
281
282
283
284
285
286
287
290
291
292
293
294
295
296
297
298
299
300
301
302
303
321
322
323
313
314
315
316
317
318
319
320
324
325
326
327
328
338
339
329
330
331
332
333
334
335
336
337
340
341
342
343
344
345
346
347
348
349
350
351
352
353
371
372
373
363
364
365
366
367
368
369
370
374
375
376
377
378
388
389
379
380
381
382
383
384
385
386
387
390
391
392
393
394
395
396
397
398
399
400
401
402
403
412
413
414
404
405
406
407
408
409
410
411
415
416
417
418
419
429
430
420
421
422
423
424
425
426
427
428
431
432
433
434
435
436
437
438
439
440
441
442
443
444
445
446
447
448
449
450
451
452
0
12
1
2
3
4
5
6
7
8
9
10
11
15
13
14
16
463
25
17
18
19
20
21
22
23
24
26
29
27
28
35
30
31
32
33
34
495
464
465
466
467
468
469
470
471
472
473
474
486
487
488
489
490
491
492
493
494
38
36
37
44
39
40
41
42
43
50
45
46
47
48
49
54
51
52
53
60
55
56
57
58
59
61
258
70
71
72
62
63
64
65
66
67
68
69
73
74
75
76
77
123
87
88
78
79
80
81
82
83
84
85
86
89
90
91
92
93
103
104
94
95
96
97
98
99
100
101
102
105
106
107
108
109
110
111
112
113
114
115
116
117
118
169
133
134
124
125
126
127
128
129
130
131
132
135
136
137
138
139
149
150
140
141
142
143
144
145
146
147
148
151
152
153
154
155
156
157
158
159
160
161
162
163
164
257
179
180
170
171
172
173
174
175
176
177
178
181
182
183
184
185
208
209
210
211
212
200
201
202
203
204
205
206
207
213
214
215
216
217
227
228
218
219
220
221
222
223
224
225
226
229
230
231
232
233
234
235
236
237
238
239
240
241
242
262
259
260
261
554
542
543
538
539
540
541
544
545
546
547
548
573
559
560
561
562
555
556
557
558
563
564
565
566
567
461
271
272
273
263
264
265
266
267
268
269
270
274
275
276
277
278
288
289
279
280
281
282
283
284
285
286
287
290
291
292
293
294
295
296
297
298
299
300
301
302
303
321
322
323
313
314
315
316
317
318
319
320
324
325
326
327
328
338
339
329
330
331
332
333
334
335
336
337
340
341
342
343
344
345
346
347
348
349
350
351
352
353
371
372
373
363
364
365
366
367
368
369
370
374
375
376
377
378
388
389
379
380
381
382
383
384
385
386
387
390
391
392
393
394
395
396
397
398
399
400
401
402
403
412
413
414
404
405
406
407
408
409
410
411
415
416
417
418
419
429
430
420
421
422
423
424
425
426
427
428
431
432
433
434
435
436
437
438
439
440
441
442
443
444
453
454
455
456
457
458
459
460
